"nro","latitud","longitud"
1,-39.56,-58.74
2,-39.33,-59.13
3,-39.45,-59.35
4,-39.52,-59.45
5,-39.39,-54.51
6,-39.35,-54.48
7,-39.33,-54.39
8,-39.28,-54.4
9,-39.4,-54.53
10,-39.39,-54.52
11,-39.43,-54.55
12,-39.45,-54.52
13,-39.4,-54.52
14,-39.39,-54.52
15,-39.46,-54.62
16,-39.53,-54.07
17,-39.48,-54.6
18,-39.39,-54.52
19,-39.4,-54.51
20,-39.45,-54.52
21,-39.38,-54.52
22,-39.33,-54.51
23,-37.08,-53.52
24,-39.44,-54.55
25,-39.39,-54.51
26,-39.33,-54.5
27,-39.27,-54.47
28,-39.49,-54.56
29,-39.39,-54.53
30,-39.39,-54.51
31,-39.33,-54.51
32,-39.27,-54.45
33,-39.24,-54.41
34,-39.42,-54.58
35,-39.39,-54.52
36,-39.46,-54.51
37,-39.31,-54.5
38,-39.33,-54.51
39,-39.28,-54.48
40,-39.41,-54.57
41,-39.39,-54.52
42,-39.4,-54.51
43,-39.32,-54.51
44,-39.31,-54.51
45,-39.36,-54.56
46,-39.41,-54.56
47,-39.39,-54.51
48,-39.39,-54.51
49,-39.31,-54.51
50,-39.31,-54.51
51,-39.42,-54.57
52,-39.41,-54.54
53,-39.39,-54.51
54,-39.39,-54.5
55,-39.31,-54.49
56,-39.36,-54.51
57,-39.44,-54.5
58,-39.42,-54.57
59,-39.39,-54.51
60,-39.56,-54.5
61,-39.39,-54.49
62,-39.52,-54.68
63,-39.53,-54.67
64,-39.53,-54.65
65,-39.51,-54.69
66,-39.5,-54.7
67,-39.5,-54.72
68,-39.48,-54.74
69,-39.51,-54.66
70,-38.47,-53.95
71,-38.42,-53.97
72,-38.77,-53.93
73,-38.3,-53.92
74,-38.25,-53.91
75,-38.21,-53.88
76,-38,-53.99
77,-38,-54
78,-38.05,-53.89
79,-37.9,-53.95
80,-37.99,-53.97
81,-37.99,-54
82,-37.99,-53.99
83,-38.04,-53.89
84,-39.78,-54.95
85,-37.99,-54
86,-39.98,-55.23
87,-38,-53.99
88,-37.99,-53.95
89,-37.21,-53.42
90,-37.21,-53.45
91,-37.19,-53.59
92,-37.19,-53.6
93,-37.19,-53.63
94,-37.21,-53.41
95,-37.22,-53.45
96,-37.27,-53.39
97,-37.21,-53.41
98,-37.22,-53.44
99,-37.26,-53.42
100,-39.92,-55.26
101,-37.28,-53.39
102,-37.22,-53.45
103,-37.21,-53.41
104,-37.25,-53.43
105,-37.27,-53.42
106,-39.56,-54.75
107,-39.45,-54.55
108,-37.21,-53.45
109,-37.24,-53.44
110,-37.21,-53.39
111,-37.21,-53.47
112,-39.01,-54.14
113,-38.9,-54.17
114,-39.97,-54.94
115,-38.28,-53.94
116,-39.85,-55.24
117,-39.86,-54.94
118,-39.75,-54.93
119,-39.32,-54.66
120,-39.35,-54.54
121,-39.33,-54.57
122,-39.4,-54.5
123,-37.14,-53.57
124,-37.11,-53.5
125,-39.23,-55.07
126,-39.23,-55.07
127,-39.22,-55.08
128,-39.22,-55.1
129,-39.22,-55.12
130,-39.22,-55.13
131,-39.22,-55.17
132,-39.2,-55.17
133,-39.27,-55.38
134,-39.28,-55.4
135,-39.12,-55.3
136,-37.16,-53.45
137,-37.08,-53.49
138,-37.24,-53.44
139,-37.05,-53.51
140,-39.9,-54.99
141,-39.32,-54.48
142,-39.3,-54.57
143,-39.38,-54.58
144,-39.35,-54.5
145,-39.32,-54.47
146,-37.09,-53.5
147,-37.04,-53.55
148,-37.1,-53.48
149,-39.92,-55.01
150,-39.4,-54.5
151,-39.4,-54.48
152,-39.38,-54.57
153,-39.37,-54.53
154,-39.48,-54.45
155,-39.32,-54.48
156,-39.28,-54.45
157,-39.38,-54.52
158,-39.4,-54.5
159,-37.04,-53.51
160,-37.16,-53.42
161,-37.07,-53.49
162,-39.88,-55.02
163,-39.38,-54.5
164,-39.38,-54.5
165,-39.2,-54.37
166,-39.13,-54.3
167,-39.17,-54.32
168,-37,-53.51
169,-37.09,-53.55
170,-39.38,-54.5
171,-39.4,-54.5
172,-39.03,-54.3
173,-39.13,-54.27
174,-39.08,-54.3
175,-39.2,-54.33
176,-37.3,-53.46
177,-37.38,-53.44
178,-37.38,-53.51
179,-37.62,-53.7
180,-37.62,-53.68
181,-37.63,-53.67
182,-37.63,-53.65
183,-37.58,-53.6
184,-37.6,-53.7
185,-39.2,-54.37
186,-37.43,-53.52
187,-37.29,-53.46
188,-37.18,-53.6
189,-37.18,-53.58
190,-37.2,-53.57
191,-37.2,-53.52
192,-37.2,-53.48
193,-37.49,-53.58
194,-39.44,-54.77
195,-39.35,-54.64
196,-37.6,-53.72
197,-37.6,-53.7
198,-37.62,-53.68
199,-37.62,-53.67
200,-37.63,-53.65
201,-37.58,-53.6
202,-37.62,-53.7
203,-37.48,-53.57
204,-37.42,-53.51
205,-37.35,-53.48
206,-39.47,-54.62
207,-37.63,-53.68
208,-37.63,-53.63
209,-37.62,-53.68
210,-37.63,-53.67
211,-38.62,-54.13
212,-38.2,-53.98
213,-37.87,-54.32
214,-37.85,-54.32
215,-37.83,-54.33
216,-37.8,-54.33
217,-37.78,-54.35
218,-37.78,-54.37
219,-37.88,-54.3
220,-37.58,-53.62
221,-37.62,-53.7
222,-38.03,-54.16
223,-38.02,-54.16
224,-37.88,-53.93
225,-37.88,-54.28
226,-37.87,-54.2
227,-37.87,-54.18
228,-37.9,-54.32
229,-37.87,-54.3
230,-37.74,-53.75
231,-37.78,-53.78
232,-38.02,-54.15
233,-38.03,-54.07
234,-38.15,-54.11
235,-39.8,-54.93
236,-38.18,-54.47
237,-38.2,-54.47
238,-38.2,-54.47
239,-38.27,-54.52
240,-38.22,-54.48
241,-38.52,-54.02
242,-38.66,-54.21
243,-37.92,-54.23
244,-37.87,-54.24
245,-37.88,-54.24
246,-39.53,-54.65
247,-39.59,-54.8
248,-39.85,-55.17
249,-39.87,-55.23
250,-37.91,-54.23
251,-37.85,-54.22
252,-37.92,-54.19
253,-39.93,-55
254,-39.84,-55.18
255,-39.73,-55.8
256,-39.75,-55.8
257,-39.73,-55.78
258,-39.75,-55.78
259,-39.75,-55.77
260,-39.77,-55.73
261,-38.02,-54.14
262,-37.95,-54.18
263,-39.8,-55.7
264,-39.78,-55.68
265,-39.2,-54.39
266,-39.12,-54.35
267,-39.4,-54.51
268,-39.39,-54.6
269,-39.9,-55.29
270,-39.93,-55.3
271,-39.87,-55.22
272,-39.99,-55.12
273,-39.72,-56.65
274,-39.98,-56.4
275,-39.92,-56.03
276,-37.68,-54.8
277,-37.75,-54.67
278,-37.82,-54.73
279,-37.83,-54.63
280,-37.87,-54.67
281,-37.87,-54.62
282,-37.88,-54.62
283,-37.93,-54.58
284,-38.48,-57.45
285,-38.55,-57.52
286,-38.62,-57.72
287,-38.4,-57.18
288,-38.42,-57.32
289,-38.48,-57.45
290,-38.48,-57.47
291,-38.2,-56.95
292,-38.08,-56.82
293,-38.03,-56.75
294,-37.98,-56.68
295,-37.97,-56.73
296,-38.08,-56.78
297,-38.17,-56.88
298,-38.28,-57.1
299,-38.57,-57.53
300,-38.48,-57.4
301,-38.52,-57.48
302,-38.73,-57.92
303,-38.73,-57.92
304,-39.35,-58.33
305,-39.45,-58.68
306,-39.42,-58.32
307,-38.63,-57.72
308,-39.33,-58.42
309,-39.32,-58.82
310,-39.32,-58.57
311,-39.35,-58.83
312,-38.72,-57.88
313,-39.3,-58.82
314,-39.32,-58.83
315,-39.3,-58.97
316,-39.03,-58.45
317,-39.33,-58.87
318,-39.32,-58.55
319,-39.3,-58.85
320,-39.33,-58.55
321,-39.03,-58.38
322,-39.3,-58.57
323,-39.18,-58.77
324,-39.38,-58.6
325,-39.05,-58.38
326,-39.1,-58.4
327,-39.4,-58.3
328,-39.4,-58.23
329,-39.42,-58.3
330,-38.82,-58.13
331,-38.43,-57.38
332,-38.43,-57.38
333,-38.25,-57.05
334,-38.22,-57.05
335,-38.52,-57.58
336,-38.22,-57.03
337,-37.95,-56.72
338,-37.93,-56.72
339,-38.07,-56.8
340,-38.15,-56.88
341,-38.17,-56.88
342,-38.23,-57.07
343,-38.43,-57.42
344,-38.63,-57.77
345,-38.6,-57.68
346,-38.6,-57.77
347,-38.53,-57.52
348,-39.65,-57.73
349,-38.72,-57.9
350,-38.53,-57.48
351,-38.57,-57.37
352,-38.33,-57.2
353,-38.22,-57.02
354,-38.28,-57.08
355,-38.53,-57.38
356,-38.47,-57.45
357,-38.45,-57.43
358,-39.92,-59.26
359,-39.66,-59.17
360,-39.55,-58.96
361,-39.68,-59.13
362,-38.42,-57.37
363,-38.7,-57.77
364,-38.68,-57.77
365,-38.67,-57.73
366,-38.43,-57.32
367,-38.65,-57.58
368,-38.75,-57.82
369,-38.73,-57.72
370,-38.48,-57.32
371,-38.73,-57.75
372,-38.73,-57.75
373,-38.92,-58.12
374,-39.02,-58.27
375,-39.08,-58.35
376,-39.08,-58.35
377,-39.37,-59.28
378,-39.43,-59.32
379,-39.42,-59.32
380,-39.32,-57.2
381,-39.35,-59.25
382,-39.37,-59.3
383,-39.65,-59.47
384,-38.95,-58.23
385,-38.78,-58.17
386,-36.63,-53.4
387,-36.63,-53.35
388,-38.82,-58.15
389,-38.78,-58.12
390,-36.65,-53.4
391,-36.67,-53.27
392,-36.82,-53.28
393,-36.82,-53.3
394,-38.8,-53.3
395,-36.68,-53.17
396,-38.77,-58.15
397,-36.68,-53.27
398,-36.77,-53.82
399,-36.8,-53.9
400,-36.8,-53.8
401,-36.8,-53.53
402,-36.82,-53.4
403,-39,-58.45
404,-36.83,-53.43
405,-36.8,-53.32
406,-39.05,-58.48
407,-37.12,-53.52
408,-37.15,-53.5
409,-37.22,-53.35
410,-37.23,-53.35
411,-37.17,-53.38
412,-37.23,-53.33
413,-37.17,-53.43
414,-37.17,-53.42
415,-39.05,-58.47
416,-37.92,-54.07
417,-37.97,-54.08
418,-37.97,-54
419,-38.03,-53.9
420,-37.98,-54
421,-37.93,-54.07
422,-37.92,-54.17
423,-37.97,-54.1
424,-39.75,-55.8
425,-39.75,-55.78
426,-39.76,-55.77
427,-39.77,-55.74
428,-39.82,-55.71
429,-39.79,-55.7
430,-39.75,-55.66
431,-39.72,-55.62
432,-39.69,-55.6
433,-39.25,-59.02
434,-38.03,-53.9
435,-37.97,-54.02
436,-37.95,-54.03
437,-37.95,-54.07
438,-37.85,-54
439,-37.98,-53.45
440,-37.92,-53.08
441,-39.65,-55.56
442,-39.62,-55.51
443,-39.59,-55.45
444,-39.54,-55.42
445,-39.51,-55.43
446,-39.47,-55.47
447,-39.35,-59.28
448,-37.97,-54.02
449,-37.88,-54.18
450,-37.92,-54.13
451,-37.9,-54.07
452,-39.26,-55.02
453,-39.24,-54.99
454,-39.23,-54.96
455,-39.23,-54.98
456,-39.21,-54.99
457,-39.19,-54.99
458,-39.15,-55
459,-39.16,-55.02
460,-38.68,-54.02
461,-38.78,-54.03
462,-38.8,-54.05
463,-38.63,-54.85
464,-38.62,-54.92
465,-38.6,-54.83
466,-38.57,-54.93
467,-38.57,-54.93
468,-39.33,-59.23
469,-37.87,-54
470,-37.98,-54
471,-37.97,-54.08
472,-37.92,-54.08
473,-37.95,-54.03
474,-37.61,-53.72
475,-37.6,-53.69
476,-37.61,-53.68
477,-37.57,-53.6
478,-37.59,-53.67
479,-37.59,-53.66
480,-38.55,-54.83
481,-38.55,-54.9
482,-38.53,-54.7
483,-38.52,-54.85
484,-38.52,-54.75
485,-39.4,-59.28
486,-37.93,-54.12
487,-37.85,-54
488,-37.98,-54
489,-37.93,-54.05
490,-37.93,-54.08
491,-37.87,-54.08
492,-37.57,-53.57
493,-37.58,-53.67
494,-37.57,-53.62
495,-37.62,-53.67
496,-37.22,-53.35
497,-37.23,-53.5
498,-37.32,-53.33
499,-37.2,-53.37
500,-37.2,-53.42
501,-37.18,-53.43
502,-39.52,-59.4
503,-37.93,-54.12
504,-37.85,-54
505,-37.95,-54
506,-37.93,-54.1
507,-37.93,-54.07
508,-37.59,-53.56
509,-37.59,-53.57
510,-37.63,-53.67
511,-37.63,-53.7
512,-37.64,-53.65
513,-37.59,-53.58
514,-37.59,-53.59
515,-37.2,-53.45
516,-37.18,-53.43
517,-37.2,-53.43
518,-37.25,-53.4
519,-38,-53.08
520,-38.9,-54.28
521,-37.87,-54.3
522,-37.85,-54.27
523,-37.62,-53.69
524,-37.64,-53.66
525,-37.63,-53.67
526,-37.59,-53.58
527,-37.59,-53.59
528,-37.62,-53.69
529,-37.23,-53.38
530,-37.18,-53.57
531,-37.18,-53.6
532,-37.2,-53.43
533,-37.82,-53.72
534,-37.78,-53.68
535,-37.85,-53.8
536,-37.82,-53.78
537,-38,-54.05
538,-38,-53.08
539,-38,-53.12
540,-38.85,-54.23
541,-38.88,-53.2
542,-37.82,-54.03
543,-38,-54.12
544,-37.59,-53.67
545,-37.65,-53.67
546,-37.59,-53.58
547,-37.59,-53.59
548,-37.62,-54.69
549,-38,-54.08
550,-38.02,-54.05
551,-38,-54
552,-38,-54.1
553,-37.95,-54.07
554,-37.98,-54.07
555,-37.57,-53.55
556,-37.57,-53.56
557,-37.59,-53.59
558,-37.18,-53.58
559,-37.13,-53.6
560,-37.18,-53.62
561,-37.18,-53.63
562,-37.18,-53.65
563,-37.17,-53.67
564,-37.17,-53.68
565,-37.18,-53.65
566,-37.09,-53.43
567,-37.09,-53.42
568,-37.1,-53.39
569,-37.04,-53.38
570,-37.18,-53.65
571,-37.18,-53.62
572,-37.15,-53.5
573,-37.17,-53.4
574,-37.17,-53.67
575,-37.17,-53.68
576,-37.15,-53.72
577,-36.63,-53.35
578,-36.67,-53.27
579,-36.82,-53.3
580,-36.67,-53.33
581,-36.63,-53.35
582,-36.8,-53.37
583,-36.67,-53.38
584,-36.63,-53.4
585,-38.21,-54.45
586,-38.21,-54.47
587,-38.22,-54.45
588,-38.2,-54.49
589,-37.17,-53.63
590,-37.17,-53.67
591,-37.17,-53.68
592,-37.15,-53.48
593,-37.17,-53.68
594,-37.17,-53.58
595,-36.82,-53.3
596,-36.63,-53.35
597,-36.85,-53.5
598,-37.03,-53.65
599,-37.05,-53.63
600,-37.07,-53.62
601,-39.14,-55.03
602,-39.14,-55.04
603,-39.16,-55.02
604,-39.14,-55.06
605,-39.14,-55.07
606,-39.14,-55.1
607,-39.15,-55.12
608,-39.14,-55.14
609,-39.43,-54.77
610,-39.44,-54.76
611,-37.17,-53.67
612,-37.17,-53.68
613,-37.12,-53.47
614,-37.2,-53.45
615,-37.17,-53.68
616,-37.17,-53.67
617,-37.15,-53.65
618,-39.45,-54.74
619,-39.44,-54.76
620,-39.42,-54.77
621,-39.42,-54.77
622,-39.74,-54.94
623,-39.66,-54.9
624,-37.2,-53.45
625,-39.6,-54.86
626,-39.59,-54.87
627,-39.5,-54.64
628,-39.5,-54.66
629,-39.72,-54.94
630,-39.64,-54.91
631,-39.61,-54.84
632,-39.6,-54.87
633,-39.82,-54.87
634,-39.81,-54.86
635,-39.49,-54.69
636,-39.49,-54.7
637,-39.37,-54.62
638,-39.37,-54.63
639,-39.62,-54.82
640,-39.62,-54.8
641,-39.62,-54.79
642,-39.63,-54.78
643,-39.62,-54.75
644,-39.39,-54.6
645,-39.37,-54.6
646,-39.36,-54.62
647,-39.37,-54.61
648,-39.37,-54.63
649,-39.36,-54.64
650,-39.34,-54.66
651,-39.36,-54.62
652,-39.37,-54.66
653,-39.34,-54.66
654,-39.84,-55.16
655,-39.82,-55.18
656,-39.82,-55.19
657,-39.8,-55.21
658,-39.8,-55.21
659,-39.84,-55.14
660,-39.82,-55.19
661,-39.79,-55.22
662,-39.77,-55.25
663,-39.76,-55.26
664,-39.74,-55.27
665,-39.72,-55.29
666,-39.6,-54.9
667,-39.64,-54.92
668,-39.92,-55.18
669,-39.92,-55.17
670,-39.88,-55.15
671,-39.36,-54.64
672,-39.37,-54.62
673,-39.37,-54.62
674,-39.38,-54.61
675,-39.39,-54.61
676,-38.8,-54.09
677,-38.95,-54.19
678,-38.87,-54.12
679,-38.82,-54.12
680,-38.79,-54.07
681,-39.62,-54.92
682,-39.57,-54.89
683,-39.56,-54.89
684,-39.12,-54.3
685,-39.18,-54.37
686,-39.38,-54.52
687,-39.3,-54.48
688,-39.3,-54.48
689,-39.37,-54.63
690,-39.47,-54.81
691,-39.46,-54.82
692,-36.63,-53.38
693,-36.63,-53.37
694,-36.63,-53.33
695,-36.7,-53.3
696,-36.82,-53.32
697,-36.82,-53.3
698,-36.53,-52.97
699,-36.38,-52.85
700,-36.42,-52.88
701,-36.35,-52.78
702,-36.53,-52.98
703,-36.38,-52.87
704,-36.32,-52.78
705,-36.57,-52.95
706,-36.56,-52.97
707,-36.38,-52.85
708,-36.53,-52.98
709,-36.32,-52.78
710,-36.53,-52.97
711,-36.53,-52.98
712,-36.32,-52.77
713,-36.6,-52.95
714,-36.58,-52.97
715,-36.82,-53.32
716,-36.9,-53.4
717,-36.97,-53.54
718,-36.98,-53.33
719,-37.22,-53.45
720,-37.22,-53.53
721,-37.2,-53.58
722,-36.53,-52.98
723,-36.53,-52.97
724,-36.4,-52.85
725,-36.4,-52.83
726,-37.62,-53.68
727,-37.58,-53.6
728,-37.62,-53.7
729,-37.75,-53.67
730,-39.38,-54.73
731,-39.33,-54.62
732,-39.43,-54.82
733,-39.37,-54.77
734,-39.43,-54.83
735,-39.45,-54.83
736,-39.47,-54.82
737,-39.48,-54.85
738,-37.87,-54.3
739,-37.83,-54.22
740,-37.87,-54.2
741,-37.88,-54.2
742,-37.9,-54.18
743,-37.88,-54.2
744,-37.87,-54.22
745,-38,-54.1
746,-37.9,-54.2
747,-37.88,-54.2
748,-37.9,-54.18
749,-37.02,-54.1
750,-38.02,-54.08
751,-38,-54.12
752,-38,-54
753,-36.53,-52.97
754,-36.53,-52.98
755,-36.4,-52.85
756,-37.85,-53.78
757,-37.87,-53.8
758,-37.87,-54.05
759,-37.9,-54.18
760,-37.88,-54.18
761,-37.9,-54.18
762,-37.98,-54.1
763,-37.98,-54.07
764,-39.47,-54.82
765,-39.42,-54.76
766,-39.33,-54.91
767,-39.38,-54.62
768,-39.37,-54.63
769,-36.4,-52.85
770,-36.32,-52.77
771,-36.56,-53
772,-36.54,-53.04
773,-37.97,-54.08
774,-39.39,-54.51
775,-39.49,-54.67
776,-39.48,-54.79
777,-39.46,-54.8
778,-39.4,-54.54
779,-39.49,-54.66
780,-39.52,-54.67
781,-39.48,-54.77
782,-39.16,-54.29
783,-39.14,-54.31
784,-39.4,-54.5
785,-39.49,-54.7
786,-39.51,-54.64
787,-39.38,-54.52
788,-39.33,-54.46
789,-39.39,-54.5
790,-39.38,-54.6
791,-39.37,-54.63
792,-39.51,-54.62
793,-39.49,-54.64
794,-39.32,-54.47
795,-39.38,-54.5
796,-39.37,-54.63
797,-39.35,-54.48
798,-39.49,-54.71
799,-38.85,-54.13
800,-38.82,-54.1
801,-39.89,-55.17
802,-39.85,-55.17
803,-39.85,-55.07
804,-39.62,-54.78
805,-39.42,-54.77
806,-39.42,-54.77
807,-39.4,-54.8
808,-39.4,-54.82
809,-39.38,-54.82
810,-39.37,-54.82
811,-39.35,-54.83
812,-39.35,-54.85
813,-39.32,-54.83
814,-39.32,-54.87
815,-39.32,-54.92
816,-39.4,-54.8
817,-39.4,-54.82
818,-39.48,-54.75
819,-39.5,-54.68
820,-39.52,-54.67
821,-39.5,-54.7
822,-39.5,-54.75
823,-39.87,-55.07
824,-39.87,-55.1
825,-39.9,-55.18
826,-39.9,-55.15
827,-39.88,-55.12
828,-39.87,-55.05
829,-39.87,-55.12
830,-39.83,-55.2
831,-39.65,-55.33
832,-39.72,-55.3
833,-39.75,-55.28
834,-39.62,-55.37
835,-39.63,-55.37
836,-39.65,-55.37
837,-39.67,-55.3
838,-39.67,-55.35
839,-39.65,-55.3
840,-37.93,-54.08
841,-37.85,-54.12
842,-37.83,-54.08
843,-37.93,-54.08
844,-37.9,-54.2
845,-37.85,-54.17
846,-37.93,-54.03
847,-37.93,-54.05
848,-36.52,-52.97
849,-36.37,-52.83
850,-36.28,-52.75
851,-37.85,-54.12
852,-37.83,-54.13
853,-37.93,-54.07
854,-37.85,-54.12
855,-37.87,-54.1
856,-37.82,-54.02
857,-37.93,-54.07
858,-37.87,-54.12
859,-37.88,-54.1
860,-37.87,-54.02
861,-38.02,-54.07
862,-37.92,-54.08
863,-37.92,-54.15
864,-37.87,-53.97
865,-37.93,-54.08
866,-37.9,-54.18
867,-37.87,-53.83
868,-37.93,-54.05
869,-37.87,-54.03
870,-37.88,-53.85
871,-37.9,-54.2
872,-37.88,-53.97
873,-37.87,-54.22
874,-37.92,-54.18
875,-37.88,-53.92
876,-37.88,-53.98
877,-37.93,-54.18
878,-37.85,-53.93
879,-37.85,-53.92
880,-37.83,-54
881,-37.9,-54.2
882,-37.88,-53.97
883,-37.85,-54
884,-37.9,-54.2
885,-37.87,-53.88
886,-37.85,-53.87
887,-37.85,-54.05
888,-37.85,-54.07
889,-37.83,-53.98
890,-37.83,-53.88
891,-37.83,-53.8
892,-37.83,-54.05
893,-37.85,-53.93
894,-37.83,-54.03
895,-37.88,-54.08
896,-37.88,-54.13
897,-37.9,-54.18
898,-37.88,-54.18
899,-37.87,-54.2
900,-37.85,-53.9
901,-37.85,-53.95
902,-37.53,-53.58
903,-37.52,-53.57
904,-37.85,-54.05
905,-37.62,-53.67
906,-37.52,-53.57
907,-37.53,-53.58
908,-37.55,-53.65
909,-37.55,-53.67
910,-36.53,-52.95
911,-36.55,-52.97
912,-36.52,-52.95
913,-36.52,-52.93
914,-36.53,-52.92
915,-36.35,-52.85
916,-36.37,-52.85
917,-36.52,-52.93
918,-36.35,-52.85
919,-36.52,-52.95
920,-36.52,-52.95
921,-36.37,-52.85
922,-36.5,-52.95
923,-36.35,-52.85
924,-36.52,-52.93
925,-36.5,-52.97
926,-38.02,-54.1
927,-39.96,-57.3
928,-39.88,-57.14
929,-39.8,-56.97
930,-38.22,-54.45
931,-37.93,-54.07
932,-37.83,-54.07
933,-39.95,-57.31
934,-39.87,-57.13
935,-39.78,-56.98
936,-38.2,-54.47
937,-37.93,-54.08
938,-37.85,-53.93
939,-37.85,-53.97
940,-39.77,-56.99
941,-39.92,-57.05
942,-39.75,-57
943,-37.85,-54.12
944,-37.83,-54.13
945,-39.89,-57.05
946,-36.52,-52.95
947,-36.33,-52.83
948,-36.28,-52.77
949,-36.38,-52.83
950,-36.4,-52.82
951,-39.89,-57.07
952,-39.99,-57.13
953,-39.82,-55.72
954,-39.8,-55.72
955,-39.8,-55.73
956,-39.78,-55.75
957,-39.87,-57.11
958,-39.73,-57.05
959,-39.82,-55.72
960,-39.82,-55.73
961,-39.88,-55.2
962,-39.88,-55.17
963,-39.83,-55.02
964,-39.82,-54.93
965,-39.82,-54.9
966,-39.73,-54.88
967,-39.83,-54.88
968,-39.67,-57.05
969,-39.81,-57.11
970,-39.95,-57.16
971,-37.13,-53.48
972,-37.07,-53.45
973,-39.93,-57.18
974,-39.77,-57.12
975,-37.05,-53.47
976,-37.05,-53.4
977,-37.12,-53.43
978,-37.1,-53.5
979,-37.05,-53.37
980,-37.1,-53.3
981,-39.95,-57.15
982,-39.88,-56.98
983,-37,-53.32
984,-36.98,-53.33
985,-36.97,-53.33
986,-36.95,-53.33
987,-36.93,-53.35
988,-37.25,-53.32
989,-37.25,-53.35
990,-39.96,-57.16
991,-39.9,-56.98
992,-37.13,-53.53
993,-37.18,-53.43
994,-37.25,-53.27
995,-37.22,-53.33
996,-39.98,-57.17
997,-39.92,-56.99
998,-37.18,-53.43
999,-37.23,-53.32
1000,-37.25,-53.33
1001,-39.99,-57.15
1002,-39.93,-56.97
1003,-38.68,-54.02
1004,-38.68,-54.02
1005,-38.68,-54.1
1006,-38.75,-54.02
1007,-38.82,-54.07
1008,-39.94,-56.97
1009,-39.47,-54.6
1010,-39.6,-54.7
1011,-39.6,-54.83
1012,-39.62,-54.77
1013,-39.97,-56.97
1014,-39.3,-54.87
1015,-39.32,-54.87
1016,-39.35,-54.83
1017,-39.6,-54.7
1018,-39.33,-54.85
1019,-39.33,-54.83
1020,-39.35,-54.82
1021,-39.99,-57
1022,-36.4,-52.87
1023,-36.37,-52.73
1024,-36.4,-52.9
1025,-36.32,-52.78
1026,-36.22,-52.83
1027,-36.23,-52.8
1028,-36.4,-52.85
1029,-36.4,-52.87
1030,-36.43,-52.8
1031,-36.1,-52.62
1032,-36.1,-52.58
1033,-36.03,-52.7
1034,-36,-52.73
1035,-36,-52.6
1036,-35.48,-52.08
1037,-35.48,-52.1
1038,-39.42,-57.15
1039,-39.4,-54.5
1040,-39.3,-54.5
1041,-38,-54.07
1042,-37.95,-54.07
1043,-38,-53.98
1044,-38,-53.97
1045,-38,-53.98
1046,-38,-53.97
1047,-38,-53.93
1048,-38.05,-53.88
1049,-38.02,-53.92
1050,-38.03,-53.92
1051,-38.07,-53.83
1052,-38.07,-53.83
1053,-37.98,-54
1054,-37.98,-54.02
1055,-37.93,-54.13
1056,-37.87,-54.02
1057,-37.93,-54.05
1058,-37.6,-53.7
1059,-37.55,-53.58
1060,-37.6,-53.65
1061,-36.38,-52.87
1062,-36.38,-52.83
1063,-36.32,-52.78
1064,-36.32,-52.77
1065,-37.17,-53.33
1066,-37.17,-53.32
1067,-37.23,-53.37
1068,-37.23,-53.37
1069,-37.85,-54
1070,-37.98,-54.08
1071,-37.88,-54.07
1072,-38.17,-54.43
1073,-38.12,-54.38
1074,-38.2,-54.43
1075,-36.66,-53.28
1076,-36.65,-53.35
1077,-37.89,-54.19
1078,-38,-54.11
1079,-38.01,-54.04
1080,-38.01,-54.02
1081,-38.68,-57.28
1082,-39.66,-57.46
1083,-39.98,-57.25
1084,-39.55,-54.81
1085,-39.99,-57.24
1086,-39.79,-56.62
1087,-39.95,-57.26
1088,-39.82,-57.1
1089,-39.72,-56.72
1090,-39.7,-56.72
1091,-39.68,-56.69
1092,-39.36,-56.43
1093,-39.82,-55.75
1094,-39.82,-55.72
1095,-39.8,-55.71
1096,-39.62,-55.51
1097,-39.61,-55.37
1098,-39.62,-55.36
1099,-39.64,-56.6
1100,-39.63,-55.33
1101,-39.58,-55.44
1102,-39.57,-55.57
1103,-39.51,-55.46
1104,-39.61,-55.48
1105,-39.58,-55.44
1106,-39.69,-55.59
1107,-39.63,-56.48
1108,-38.01,-54.06
1109,-37.86,-54.05
1110,-37.86,-54.04
1111,-37.86,-53.99
1112,-37.96,-54.09
1113,-39.6,-56.57
1114,-37.86,-54.01
1115,-37.86,-54.03
1116,-37.86,-54.09
1117,-37.87,-53.97
1118,-37.85,-53.98
1119,-37.87,-53.92
1120,-37.87,-53.88
1121,-37.87,-53.87
1122,-39.99,-56.61
1123,-37.86,-53.97
1124,-37.87,-53.95
1125,-37.86,-53.85
1126,-37.86,-53.89
1127,-37.84,-53.92
1128,-39.8,-57.26
1129,-37.86,-53.83
1130,-37.85,-53.81
1131,-37.86,-53.87
1132,-37.85,-54
1133,-39.93,-57.42
1134,-37.87,-53.92
1135,-37.87,-53.94
1136,-37.87,-53.9
1137,-39.89,-57.36
1138,-39.9,-57.47
1139,-39.9,-57.34
1140,-39.33,-56.38
1141,-38.92,-56.09
1142,-38.12,-56.78
1143,-38.09,-56.84
1144,-38.42,-57.3
1145,-38.56,-57.6
1146,-38.56,-57.61
1147,-38.65,-58.22
1148,-38.73,-58.02
1149,-38.58,-57.74
1150,-39.98,-55.12
1151,-39.98,-54.88
1152,-39.93,-54.87
1153,-39.92,-54.87
1154,-39.49,-54.72
1155,-39.5,-54.68
1156,-39.42,-54.78
1157,-39.41,-54.8
1158,-39.52,-54.66
1159,-37.87,-53.9
1160,-37.88,-53.94
1161,-37.87,-53.84
1162,-37.87,-53.86
1163,-37.94,-54.09
1164,-37.94,-54.05
1165,-37.94,-54.17
1166,-37.95,-54.14
1167,-36.74,-53.34
1168,-36.69,-53.37
1169,-36.64,-53.37
1170,-39.98,-55.96
1171,-39.97,-55.97
1172,-39.95,-55.95
1173,-39.98,-55.97
1174,-39.95,-55.94
1175,-39.92,-55.91
1176,-39.89,-55.89
1177,-36.55,-52.96
1178,-36.6,-52.98
1179,-36.39,-52.86
1180,-36.31,-52.78
1181,-37.21,-53.45
1182,-37.19,-53.58
1183,-37.21,-53.47
1184,-37.2,-53.61
1185,-37.2,-53.58
1186,-37.22,-53.43
1187,-37.2,-53.49
1188,-37.14,-53.55
1189,-37.21,-53.56
1190,-37.22,-53.41
1191,-37.22,-53.4
1192,-37.2,-53.59
1193,-37.18,-53.56
1194,-37.21,-53.45
1195,-37.19,-53.63
1196,-37.19,-53.65
1197,-37.9,-54.19
1198,-37.22,-53.45
1199,-37.21,-53.47
1200,-37.88,-54
1201,-38.01,-54.09
1202,-37.88,-54.06
1203,-37.89,-53.9
1204,-37.91,-54.18
1205,-38.01,-54.11
1206,-37.88,-54.06
1207,-37.9,-53.89
1208,-38.01,-54.12
1209,-37.88,-54.08
1210,-37.89,-53.92
1211,-38.01,-54.1
1212,-38.01,-54.08
1213,-37.87,-54.06
1214,-37.89,-53.83
1215,-37.88,-54
1216,-37.63,-53.68
1217,-37.6,-53.6
1218,-37.63,-53.68
1219,-37.62,-53.7
1220,-37.89,-53.84
1221,-37.89,-53.87
1222,-36.54,-52.97
1223,-36.54,-52.99
1224,-36.39,-52.86
1225,-36.55,-52.97
1226,-36.39,-52.96
1227,-36.31,-52.79
1228,-36.39,-52.85
1229,-36.36,-52.75
1230,-36.32,-52.79
1231,-36.85,-53.34
1232,-37.01,-53.36
1233,-37.03,-53.33
1234,-37.08,-53.37
1235,-39.16,-54.33
1236,-39.39,-54.51
1237,-39.38,-54.63
1238,-39.37,-54.63
1239,-39.39,-54.51
1240,-39.39,-54.51
1241,-39.4,-54.81
1242,-39.37,-54.82
1243,-39.24,-54.97
1244,-39.19,-55
1245,-38.01,-54.11
1246,-37.87,-54.06
1247,-37.9,-54.18
1248,-37.89,-53.95
1249,-39.86,-54.89
1250,-39.82,-54.86
1251,-39.83,-54.94
1252,-39.86,-55.04
1253,-39.86,-55.07
1254,-37.87,-54.06
1255,-37.63,-53.68
1256,-37.62,-53.7
1257,-37.56,-53.61
1258,-37.63,-53.68
1259,-37.14,-53.6
1260,-37.16,-53.44
1261,-37.14,-53.59
1262,-37.14,-53.57
1263,-37.14,-53.53
1264,-37.25,-53.42
1265,-37.19,-53.43
1266,-37.95,-54.08
1267,-37.97,-54.1
1268,-37.98,-54.02
1269,-37.95,-55.07
1270,-37.88,-54.12
1271,-37.83,-54
1272,-37.88,-54.13
1273,-37.85,-54.02
1274,-37.83,-54.08
1275,-37.93,-54.08
1276,-37.9,-54.25
1277,-37.9,-54.25
1278,-37.8,-54.22
1279,-37.8,-54.17
1280,-37.82,-54.22
1281,-37.8,-54.18
1282,-37.62,-53.7
1283,-37.63,-53.68
1284,-37.58,-53.6
1285,-36.38,-52.87
1286,-36.38,-52.87
1287,-36.37,-52.78
1288,-36.32,-52.77
1289,-36.45,-52.87
1290,-36.75,-53.15
1291,-36.83,-53.17
1292,-36.7,-53.15
1293,-36.7,-53.28
1294,-36.68,-53.35
1295,-36.68,-53.37
1296,-37.87,-54.08
1297,-38,-54.08
1298,-37.87,-54.12
1299,-37.87,-54.12
1300,-39.32,-54.5
1301,-39.4,-54.5
1302,-39.4,-54.57
1303,-39.37,-54.63
1304,-39.3,-54.5
1305,-39.47,-54.82
1306,-39.43,-54.77
1307,-39.82,-54.87
1308,-39.9,-55.18
1309,-39.83,-55.18
1310,-39.13,-55.3
1311,-39.17,-54.32
1312,-39.2,-54.37
1313,-39.27,-54.35
1314,-39.18,-54.5
1315,-38,-54
1316,-37.92,-54.03
1317,-37.95,-54.12
1318,-37.98,-54.13
1319,-37.98,-54.02
1320,-37.95,-54.08
1321,-37.87,-54.02
1322,-37.98,-54.02
1323,-37.95,-54.07
1324,-37.9,-54.2
1325,-37.98,-54.04
1326,-37.95,-54.08
1327,-37.93,-54.15
1328,-37.9,-54.2
1329,-37.88,-54.2
1330,-37.98,-54
1331,-37.9,-54.07
1332,-37.95,-53.88
1333,-37.98,-53.87
1334,-37.15,-53.3
1335,-37.23,-53.35
1336,-37.22,-53.37
1337,-37.17,-53.43
1338,-37.23,-53.4
1339,-37.2,-53.38
1340,-37.17,-53.48
1341,-37.2,-53.48
1342,-37.25,-53.4
1343,-36.38,-52.87
1344,-36.4,-52.83
1345,-36.3,-52.75
1346,-37.95,-54.08
1347,-37.97,-54.1
1348,-37.98,-54
1349,-38.18,-54.43
1350,-38.18,-54.45
1351,-38.43,-54.77
1352,-38.63,-54.88
1353,-38.58,-54.92
1354,-38.68,-54.83
1355,-38.9,-54.62
1356,-39.5,-54.7
1357,-39.5,-54.73
1358,-39.65,-54.75
1359,-39.87,-54.88
1360,-39.82,-54.87
1361,-37.22,-53.35
1362,-37.97,-53.97
1363,-39.75,-55.52
1364,-39.78,-55.59
1365,-38.6,-54.79
1366,-38.63,-54.71
1367,-37.79,-54.39
1368,-37.82,-54.35
1369,-39.43,-54.93
1370,-39.33,-54.63
1371,-39.38,-54.5
1372,-39.95,-59.03
1373,-39.13,-54.3
1374,-37.98,-54.02
1375,-37.98,-54.1
1376,-37.88,-54.2
1377,-37.65,-53.6
1378,-37.58,-53.65
1379,-37.97,-54.02
1380,-39.95,-56.24
1381,-39.91,-56.38
1382,-39.8,-56.4
1383,-39.23,-54.77
1384,-39.42,-54.78
1385,-39.3,-54.83
1386,-39.33,-54.77
1387,-39.42,-56.33
1388,-39.38,-54.75
1389,-39.45,-54.8
1390,-39.42,-54.77
1391,-39.87,-54.88
1392,-39.82,-54.87
1393,-39.61,-56.38
1394,-39.4,-54.48
1395,-39.33,-54.65
1396,-39.48,-54.75
1397,-38.2,-54.45
1398,-38.2,-54.43
1399,-38.17,-54.42
1400,-38.13,-54.48
1401,-38.13,-54.45
1402,-39.99,-56.75
1403,-39.42,-54.78
1404,-39.3,-54.83
1405,-39.33,-54.77
1406,-36.53,-52.97
1407,-36.38,-52.85
1408,-36.38,-52.83
1409,-40,-56.77
1410,-39.38,-54.75
1411,-39.42,-54.78
1412,-36.52,-52.95
1413,-36.52,-52.98
1414,-36.38,-52.85
1415,-36.3,-52.75
1416,-36.52,-52.97
1417,-36.52,-52.97
1418,-36.37,-52.85
1419,-36.32,-52.93
1420,-36.45,-52.9
1421,-36.52,-52.97
1422,-36.73,-53.15
1423,-36.82,-53.27
1424,-37.15,-53.3
1425,-37.83,-53.3
1426,-37.95,-54.07
1427,-37.98,-54.02
1428,-37.98,-54.08
1429,-37.98,-54
1430,-38.8,-54.1
1431,-40,-56.65
1432,-38.83,-54.12
1433,-38.85,-54.12
1434,-39.13,-54.32
1435,-39.15,-54.32
1436,-39.2,-54.37
1437,-39.13,-54.3
1438,-39.3,-54.5
1439,-39.3,-54.48
1440,-39.22,-54.42
1441,-38.45,-55.37
1442,-39.97,-55.7
1443,-39.97,-55.68
1444,-39.98,-55.7
1445,-39.3,-54.48
1446,-39.3,-54.5
1447,-39.28,-54.53
1448,-39.22,-54.43
1449,-37.85,-54.08
1450,-37.88,-54.2
1451,-37.88,-54.12
1452,-37.88,-54.2
1453,-37.87,-54.2
1454,-37.98,-54
1455,-38,-54.1
1456,-37.95,-54.1
1457,-37.98,-53.97
1458,-37.98,-54.07
1459,-37.95,-54.07
1460,-37.98,-54
1461,-37.93,-54.1
1462,-37.98,-54.12
1463,-37.98,-54
1464,-37.93,-54.1
1465,-37.95,-54.07
1466,-37.97,-54.05
1467,-37.98,-54
1468,-37.95,-54.07
1469,-36.53,-52.95
1470,-36.52,-52.97
1471,-36.38,-52.87
1472,-39.82,-54.87
1473,-39.57,-54.77
1474,-39.47,-54.8
1475,-39.43,-54.77
1476,-39.37,-54.63
1477,-39.38,-54.5
1478,-39.82,-54.87
1479,-39.71,-57.13
1480,-39.84,-57.19
1481,-39.97,-57.24
1482,-39.61,-58.59
1483,-39.96,-57.09
1484,-39.89,-56.92
1485,-39.88,-57.3
1486,-39.73,-57.31
1487,-39.95,-57.01
1488,-39.87,-56.84
1489,-39.8,-56.68
1490,-39.84,-56.71
1491,-39.72,-56.58
1492,-39.59,-56.47
1493,-39.48,-54.82
1494,-39.19,-54.84
1495,-39.33,-54.86
1496,-39.34,-54.93
1497,-39.27,-54.91
1498,-39.78,-56.69
1499,-39.67,-56.57
1500,-39.55,-56.46
1501,-38.01,-54.1
1502,-37.86,-54.21
1503,-37.86,-54.21
1504,-37.85,-54.05
1505,-38.31,-56.37
1506,-39.43,-56.26
1507,-39.55,-56.16
1508,-37.58,-53.66
1509,-37.58,-53.7
1510,-37.57,-53.58
1511,-39.42,-56.28
1512,-39.31,-56.4
1513,-39.2,-56.5
1514,-39.7,-56.05
1515,-39.56,-56.01
1516,-39.41,-55.97
1517,-39.94,-56.22
1518,-39.8,-56.14
1519,-39.17,-54.32
1520,-39.17,-54.32
1521,-39.15,-54.32
1522,-39.12,-54.3
1523,-39.91,-56.18
1524,-39.77,-56.1
1525,-39.6,-55.37
1526,-39.63,-55.35
1527,-39.65,-55.33
1528,-39.65,-55.32
1529,-39.7,-55.3
1530,-39.7,-55.27
1531,-39.52,-55.45
1532,-39.5,-55.47
1533,-39.89,-56.21
1534,-39.76,-56.14
1535,-39.5,-55.48
1536,-39.45,-55.53
1537,-39.57,-55.55
1538,-39.53,-55.53
1539,-39.45,-55.57
1540,-39.45,-55.52
1541,-39.48,-55.5
1542,-39.97,-56.29
1543,-39.84,-56.2
1544,-39.7,-56.12
1545,-39.82,-55.2
1546,-39.85,-55.17
1547,-39.88,-55.17
1548,-39.83,-54.88
1549,-39.82,-54.52
1550,-39.75,-54.93
1551,-39.88,-56.26
1552,-39.75,-56.17
1553,-39.73,-54.78
1554,-39.68,-54.78
1555,-39.62,-54.7
1556,-39.72,-54.93
1557,-39.75,-54.92
1558,-39.75,-54.9
1559,-39.65,-54.92
1560,-40,-56.37
1561,-39.87,-56.27
1562,-39.74,-56.18
1563,-39.58,-54.88
1564,-39.72,-54.97
1565,-39.73,-54.95
1566,-40,-56.38
1567,-39.87,-56.29
1568,-39.73,-56.28
1569,-37.18,-53.67
1570,-37.13,-53.63
1571,-37.17,-53.65
1572,-37.17,-53.63
1573,-37.17,-53.62
1574,-37.17,-53.58
1575,-37.2,-53.45
1576,-36.56,-52.98
1577,-36.54,-53.02
1578,-36.39,-52.86
1579,-40,-56.39
1580,-39.87,-56.31
1581,-39.74,-56.22
1582,-36.82,-53.32
1583,-36.82,-53.32
1584,-36.82,-53.3
1585,-36.85,-53.3
1586,-36.82,-53.33
1587,-36.8,-53.35
1588,-37.57,-53.68
1589,-37.57,-53.66
1590,-39.87,-56.33
1591,-39.75,-56.24
1592,-36.82,-53.32
1593,-36.67,-53.27
1594,-39.82,-55.75
1595,-39.79,-55.7
1596,-39.81,-55.71
1597,-39.77,-55.74
1598,-39.76,-55.79
1599,-39.75,-55.8
1600,-39.76,-55.77
1601,-40,-56.42
1602,-39.6,-56.22
1603,-39.71,-56.23
1604,-39.81,-56.3
1605,-39.82,-56.33
1606,-39.72,-56.25
1607,-39.83,-56.35
1608,-39.74,-56.29
1609,-39.9,-56.39
1610,-39.79,-56.35
1611,-39.7,-56.29
1612,-39.37,-54.63
1613,-39.35,-54.61
1614,-39.36,-54.49
1615,-39.15,-54.3
1616,-39.34,-54.59
1617,-39.31,-54.41
1618,-39.36,-54.48
1619,-39.43,-54.66
1620,-39.43,-54.69
1621,-39.31,-54.44
1622,-39.36,-54.48
1623,-39.97,-56.99
1624,-37.96,-54.08
1625,-37.84,-54.02
1626,-39.25,-54.39
1627,-39.76,-56.72
1628,-39.69,-56.78
1629,-39.63,-56.66
1630,-39.31,-54.47
1631,-39.36,-54.5
1632,-39.37,-54.54
1633,-38.99,-55.76
1634,-38.87,-55.69
1635,-38.74,-55.61
1636,-38.49,-55.69
1637,-38.61,-55.73
1638,-38.72,-55.78
1639,-38.42,-55.81
1640,-38.28,-55.76
1641,-38.14,-55.7
1642,-39.89,-55.17
1643,-39.85,-55.17
1644,-39.83,-55.18
1645,-37.23,-53.5
1646,-37.16,-53.45
1647,-37.04,-53.41
1648,-37.23,-53.43
1649,-37.15,-53.48
1650,-37.18,-53.45
1651,-37.14,-53.41
1652,-37.17,-53.58
1653,-37.18,-53.53
1654,-37.18,-53.44
1655,-36.57,-52.93
1656,-37.12,-53.4
1657,-37.16,-53.55
1658,-37.18,-53.5
1659,-39.93,-57.48
1660,-39.6,-54.7
1661,-39.57,-54.87
1662,-39.82,-55.18
1663,-39.88,-55.2
1664,-37.13,-53.64
1665,-37.16,-53.55
1666,-37.13,-53.59
1667,-37.12,-53.61
1668,-37.13,-53.64
1669,-37.12,-53.66
1670,-37.11,-53.4
1671,-39.86,-57.38
1672,-39.96,-57.49
1673,-39.8,-54.87
1674,-39.82,-54.87
1675,-39.82,-55.2
1676,-39.78,-55.2
1677,-39.77,-55.23
1678,-37.13,-53.64
1679,-37.12,-53.68
1680,-37.14,-53.62
1681,-37.14,-53.62
1682,-39.86,-57.36
1683,-39.81,-57.2
1684,-39.76,-57.02
1685,-37.12,-53.7
1686,-37.14,-53.65
1687,-37.11,-53.71
1688,-39.66,-57.24
1689,-39.78,-57.26
1690,-39.91,-57.29
1691,-37.23,-53.43
1692,-39.94,-57.34
1693,-39.8,-57.31
1694,-39.48,-55.49
1695,-39.46,-55.51
1696,-39.46,-55.52
1697,-39.5,-55.53
1698,-39.44,-55.54
1699,-39.94,-57.36
1700,-37.84,-54.03
1701,-37.85,-54
1702,-37.84,-53.97
1703,-39.93,-57.37
1704,-37.12,-53.64
1705,-39.96,-57.41
1706,-39.74,-55.8
1707,-39.75,-55.8
1708,-39.75,-55.79
1709,-39.87,-57.41
1710,-39.96,-57.45
1711,-39.95,-57.47
1712,-39.96,-57.49
1713,-39.95,-57.51
1714,-39.89,-57.53
1715,-39.95,-57.56
1716,-40,-57.68
1717,-39.67,-56.51
1718,-39.55,-56.44
1719,-39.45,-56.38
1720,-39.67,-56.49
1721,-39.79,-56.54
1722,-39.93,-56.6
1723,-39.67,-56.31
1724,-37.95,-54.08
1725,-38.68,-54.02
1726,-38.82,-54.1
1727,-38.8,-54.08
1728,-39.81,-56.34
1729,-39.94,-56.36
1730,-39.94,-56.37
1731,-39.79,-56.37
1732,-39.92,-56.45
1733,-39.78,-56.45
1734,-39.96,-56.45
1735,-39.91,-56.49
1736,-39.77,-56.49
1737,-40,-56.54
1738,-36.95,-53.35
1739,-36.95,-53.33
1740,-36.8,-53.3
1741,-36.52,-52.97
1742,-36.38,-52.85
1743,-39.94,-56.67
1744,-36.83,-53.3
1745,-36.52,-52.97
1746,-36.53,-52.95
1747,-36.38,-52.83
1748,-36.8,-53.3
1749,-39.96,-56.89
1750,-39.86,-56.75
1751,-36.57,-52.92
1752,-36.38,-52.83
1753,-36.3,-52.78
1754,-39.95,-56.91
1755,-39.85,-56.75
1756,-36.55,-52.93
1757,-36.55,-52.9
1758,-36.38,-52.83
1759,-36.38,-52.87
1760,-37.14,-53.58
1761,-37.13,-53.65
1762,-37.22,-53.45
1763,-37.13,-53.68
1764,-37.11,-53.71
1765,-39.97,-56.97
1766,-39.87,-56.84
1767,-36.6,-52.97
1768,-36.52,-52.97
1769,-37.22,-53.46
1770,-37.1,-53.73
1771,-37.11,-53.76
1772,-36.38,-52.83
1773,-36.3,-52.73
1774,-36.53,-52.93
1775,-37.22,-53.42
1776,-37.19,-53.43
1777,-37.1,-53.74
1778,-37.12,-53.7
1779,-38.74,-58.17
1780,-39.7,-57.74
1781,-39.73,-57.62
1782,-39.67,-57.49
1783,-36.4,-52.8
1784,-36.38,-52.83
1785,-36.65,-53.25
1786,-36.63,-53.32
1787,-36.8,-53.3
1788,-37.15,-53.43
1789,-37.19,-53.44
1790,-37.16,-53.57
1791,-37.14,-53.54
1792,-37.16,-53.41
1793,-39.98,-57.56
1794,-39.9,-57.56
1795,-36.65,-53.23
1796,-37.18,-53.44
1797,-37.15,-53.62
1798,-37.14,-53.52
1799,-37.18,-53.4
1800,-36.67,-53.33
1801,-36.67,-53.37
1802,-36.65,-53.38
1803,-36.65,-53.4
1804,-37.26,-53.4
1805,-37.22,-53.36
1806,-37.12,-53.42
1807,-37.13,-53.38
1808,-36.63,-53.37
1809,-36.62,-53.4
1810,-36.6,-53.4
1811,-36.65,-53.32
1812,-36.65,-53.35
1813,-37.19,-53.43
1814,-37.22,-53.42
1815,-37.07,-53.36
1816,-37.16,-53.48
1817,-36.62,-53.35
1818,-37.04,-53.38
1819,-37.09,-53.35
1820,-36.97,-53.37
1821,-36.97,-53.34
1822,-37.6,-53.63
1823,-37.85,-54.02
1824,-37.86,-53.97
1825,-37.85,-54.05
1826,-37.96,-54.08
1827,-37.96,-54.09
1828,-37.86,-54.15
1829,-37.87,-54.06
1830,-37.87,-53.89
1831,-39.97,-56.54
1832,-39.82,-56.49
1833,-39.69,-56.44
1834,-40,-56.69
1835,-39.78,-58.59
1836,-39.96,-58.61
1837,-39.77,-58.65
1838,-39.79,-57.37
1839,-38.55,-57.66
1840,-38.61,-57.81
1841,-38.67,-57.96
1842,-38.61,-57.72
1843,-38.54,-57.58
1844,-38.46,-57.42
1845,-39.57,-58.67
1846,-38.52,-57.57
1847,-38.44,-57.42
1848,-39.98,-58.97
1849,-38.36,-57.25
1850,-38.26,-57.12
1851,-38.18,-57
1852,-38.08,-56.81
1853,-37.98,-56.68
1854,-37.86,-56.59
1855,-39.96,-59.08
1856,-38.02,-56.74
1857,-37.9,-56.64
1858,-37.79,-56.55
1859,-37.68,-56.44
1860,-37.78,-56.56
1861,-37.9,-56.66
1862,-37.61,-56.39
1863,-37.72,-56.5
1864,-37.83,-56.61
1865,-37.48,-56.25
1866,-37.59,-56.38
1867,-37.7,-56.49
1868,-37.49,-56.28
1869,-37.6,-56.39
1870,-37.7,-56.51
1871,-39.72,-58.84
1872,-39.7,-58.92
1873,-37.49,-56.29
1874,-37.6,-56.41
1875,-37.71,-56.53
1876,-37.42,-56.2
1877,-37.5,-56.33
1878,-37.61,-56.44
1879,-37.41,-56.21
1880,-37.5,-56.34
1881,-37.6,-56.45
1882,-37.71,-56.57
1883,-37.6,-56.45
1884,-37.49,-56.33
1885,-37.72,-56.58
1886,-37.59,-56.46
1887,-37.48,-56.34
1888,-37.47,-56.28
1889,-37.48,-56.3
1890,-37.72,-56.55
1891,-37.83,-56.65
1892,-37.95,-56.73
1893,-38.3,-57.07
1894,-38.18,-56.93
1895,-38.08,-56.79
1896,-38.26,-57.08
1897,-38.36,-57.23
1898,-38.45,-57.36
1899,-38.6,-57.66
1900,-38.52,-57.49
1901,-38.43,-57.35
1902,-39.57,-58.74
1903,-39.46,-58.62
1904,-39.59,-58.78
1905,-38.59,-57.66
1906,-38.52,-57.51
1907,-38.43,-57.37
1908,-39.54,-58.8
1909,-39.51,-58.53
1910,-39.51,-58.82
1911,-39.48,-58.56
1912,-38.55,-57.66
1913,-38.61,-57.82
1914,-38.68,-57.98
1915,-39.52,-58.59
1916,-39.49,-58.85
1917,-39.48,-58.58
1918,-39.51,-58.9
1919,-38.48,-57.5
1920,-38.56,-57.66
1921,-38.64,-57.81
1922,-39.51,-58.61
1923,-39.52,-58.95
1924,-39.66,-58.87
1925,-39.58,-59.17
1926,-38.43,-57.43
1927,-38.52,-57.58
1928,-38.6,-57.73
1929,-39.59,-59.18
1930,-39.76,-59.15
1931,-39.51,-59.17
1932,-39.71,-59.13
1933,-38.61,-57.66
1934,-38.53,-57.5
1935,-38.44,-57.36
1936,-39.75,-59.23
1937,-39.96,-59.19
1938,-39.75,-59.17
1939,-39.97,-59.11
1940,-38.6,-57.7
1941,-38.69,-57.85
1942,-38.75,-58.01
1943,-38.83,-58.22
1944,-38.78,-58.05
1945,-38.72,-57.89
1946,-38.88,-58.29
1947,-38.79,-58.14
1948,-38.73,-57.97
1949,-39.82,-59.02
1950,-39.59,-58.79
1951,-39.76,-58.98
1952,-39.99,-58.99
1953,-39.09,-58.55
1954,-38.99,-58.43
1955,-38.88,-58.29
1956,-39.01,-58.47
1957,-38.9,-58.34
1958,-38.8,-58.22
1959,-39.03,-58.45
1960,-38.92,-58.33
1961,-38.83,-58.18
1962,-38.9,-58.36
1963,-38.77,-58.23
1964,-38.86,-58.18
1965,-38.9,-58.39
1966,-38.78,-58.27
1967,-38.87,-58.42
1968,-38.96,-58.62
1969,-38.88,-58.47
1970,-38.79,-58.33
1971,-38.87,-58.49
1972,-38.96,-58.64
1973,-39.06,-58.76
1974,-37.71,-56.55
1975,-37.84,-56.66
1976,-37.63,-56.74
1977,-37.72,-56.54
1978,-37.84,-56.65
1979,-37.97,-56.82
1980,-38.07,-56.84
1981,-38.17,-56.86
1982,-38.26,-57.1
1983,-38.38,-57.24
1984,-38.18,-57.1
1985,-38.19,-56.97
1986,-39.03,-55.67
1987,-39.17,-55.87
1988,-39.33,-55.98
1989,-39.22,-55.92
1990,-38.41,-57.19
1991,-38.49,-57.41
1992,-38.57,-57.54
1993,-39.38,-55.87
1994,-39.27,-55.78
1995,-39.43,-55.93
1996,-38.5,-57.4
1997,-38.6,-57.59
1998,-39.5,-55.9
1999,-39.3,-55.82
2000,-39.47,-55.92
2001,-39.28,-55.82
2002,-38.4,-57.29
2003,-38.49,-57.43
2004,-38.57,-57.58
2005,-38.35,-56.7
2006,-38.62,-56.83
2007,-38.9,-57
2008,-37.88,-56.62
2009,-38.02,-56.72
2010,-38.12,-56.84
2011,-39.52,-55.95
2012,-39.07,-55.77
2013,-39,-55.63
2014,-39.3,-55.83
2015,-38.21,-56.98
2016,-38.11,-56.83
2017,-37.98,-56.72
2018,-39.5,-55.9
2019,-39.28,-55.78
2020,-39.05,-55.67
2021,-39,-55.65
2022,-38.2,-56.94
2023,-38.1,-56.78
2024,-38.98,-56.68
2025,-39.53,-55.88
2026,-39.28,-55.77
2027,-39.05,-55.65
2028,-39,-55.82
2029,-37.77,-56.51
2030,-38,-56.74
2031,-37.87,-56.63
2032,-39.35,-55.82
2033,-39.12,-55.7
2034,-39.02,-55.67
2035,-39.08,-55.65
2036,-37.94,-56.76
2037,-37.87,-56.66
2038,-37.76,-56.52
2039,-37.83,-56.2
2040,-37.93,-56.35
2041,-37.75,-56.22
2042,-37.6,-56.02
2043,-37.64,-56.43
2044,-37.53,-56.29
2045,-37.43,-56.17
2046,-37.18,-55.25
2047,-37.23,-55.52
2048,-37.4,-55.7
2049,-37.23,-55.52
2050,-37.31,-56.12
2051,-37.42,-56.21
2052,-37.54,-56.31
2053,-37.18,-55.5
2054,-37.32,-55.67
2055,-37.87,-56.61
2056,-37.76,-56.49
2057,-37.64,-56.38
2058,-37.52,-55.87
2059,-37.27,-55.77
2060,-38.83,-55.67
2061,-38.62,-55.55
2062,-37.83,-56.64
2063,-37.71,-56.52
2064,-37.59,-56.41
2065,-37.18,-55.5
2066,-37.28,-55.6
2067,-37.32,-55.68
2068,-37.79,-56.58
2069,-37.66,-56.5
2070,-37.55,-56.38
2071,-37.33,-55.7
2072,-37.32,-55.7
2073,-37.43,-55.87
2074,-37.67,-55.78
2075,-37.8,-56.58
2076,-37.67,-56.47
2077,-37.56,-56.36
2078,-37.76,-56.58
2079,-37.62,-56.48
2080,-37.51,-56.36
2081,-37.75,-56.59
2082,-37.63,-56.5
2083,-37.51,-56.4
2084,-38.07,-56.81
2085,-38.18,-56.96
2086,-38.27,-56.1
2087,-38.61,-57.76
2088,-38.68,-57.9
2089,-38.76,-57.08
2090,-38.77,-57.09
2091,-38.62,-57.76
2092,-38.7,-57.92
2093,-38.6,-57.73
2094,-38.69,-57.88
2095,-38.76,-57.03
2096,-38.7,-57.86
2097,-38.61,-57.8
2098,-38.52,-57.58
2099,-38.71,-57.89
2100,-38.63,-57.72
2101,-38.54,-57.58
2102,-38.68,-57.94
2103,-38.61,-57.78
2104,-38.53,-57.62
2105,-38.54,-57.55
2106,-38.62,-57.69
2107,-38.7,-57.84
2108,-37.85,-54.05
2109,-37.85,-54.02
2110,-37.96,-54.07
2111,-38.72,-57.85
2112,-38.78,-57.02
2113,-38.79,-57.21
2114,-37.13,-53.65
2115,-37.13,-53.59
2116,-37.17,-53.61
2117,-38.59,-57.78
2118,-38.52,-57.62
2119,-38.45,-57.46
2120,-37.08,-53.56
2121,-37.13,-53.41
2122,-36.56,-52.98
2123,-36.54,-53
2124,-38.47,-57.39
2125,-38.38,-57.23
2126,-38.3,-57.08
2127,-36.39,-52.85
2128,-36.35,-52.81
2129,-36.39,-52.83
2130,-36.39,-52.85
2131,-36.51,-52.9
2132,-38.47,-57.36
2133,-38.37,-57.23
2134,-38.44,-57.38
2135,-36.4,-52.83
2136,-36.67,-53.27
2137,-36.64,-53.34
2138,-36.64,-53.87
2139,-38.37,-57.19
2140,-38.46,-57.33
2141,-38.53,-57.5
2142,-36.64,-53.34
2143,-36.64,-53.36
2144,-36.56,-52.94
2145,-36.81,-53.3
2146,-36.65,-52.33
2147,-36.4,-52.84
2148,-36.56,-52.97
2149,-36.55,-52.99
2150,-36.39,-52.85
2151,-36.82,-53.3
2152,-36.96,-53.37
2153,-37.23,-53.45
2154,-37.18,-52.54
2155,-37.57,-53.58
2156,-37.57,-53.68
2157,-38.18,-54.45
2158,-38.3,-54.49
2159,-37.83,-54.52
2160,-37.12,-53.69
2161,-37.29,-53.43
2162,-37.17,-53.45
2163,-37.19,-53.66
2164,-37.13,-53.71
2165,-36.65,-53.32
2166,-36.64,-53.34
2167,-36.64,-53.37
2168,-36.32,-52.78
2169,-36.39,-52.83
2170,-36.39,-52.86
2171,-36.54,-52.99
2172,-36.63,-53.36
2173,-36.63,-53.35
2174,-36.42,-53.4
2175,-38.6,-54.76
2176,-38.76,-54.87
2177,-38.49,-54.64
2178,-37.97,-54.09
2179,-37.98,-54.05
2180,-37.15,-53.76
2181,-37.14,-53.8
2182,-37.09,-53.85
2183,-36.81,-53.32
2184,-37.58,-53.68
2185,-38.58,-54.87
2186,-38.56,-54.9
2187,-38.63,-54.98
2188,-37.66,-54.98
2189,-38.68,-54.71
2190,-38.7,-54.78
2191,-38.45,-57.5
2192,-38.94,-58.31
2193,-39,-58.47
2194,-39.06,-58.62
2195,-39.13,-58.81
2196,-39.22,-58.97
2197,-39.29,-59.13
2198,-39.1,-58.7
2199,-39.16,-58.86
2200,-39.23,-59.02
2201,-39.01,-58.35
2202,-39.08,-58.52
2203,-39.14,-58.69
2204,-39.05,-58.64
2205,-39.12,-58.8
2206,-39.17,-58.97
2207,-39.13,-58.83
2208,-39.05,-58.65
2209,-38.97,-58.52
2210,-39.06,-58.72
2211,-39.01,-58.6
2212,-38.94,-58.48
2213,-39.24,-59.15
2214,-39.32,-59.32
2215,-39.39,-59.47
2216,-39.4,-59.49
2217,-39.38,-59.48
2218,-39.5,-59.38
2219,-39.5,-59.37
2220,-39.56,-59.38
2221,-39.69,-59.45
2222,-39.5,-59.25
2223,-39.62,-59.35
2224,-39.73,-59.47
2225,-39.23,-59.02
2226,-39.16,-58.84
2227,-39.09,-58.67
2228,-39.25,-59.09
2229,-39.17,-58.92
2230,-39.11,-58.75
2231,-39.31,-59.31
2232,-39.3,-59.13
2233,-39.2,-59.01
2234,-39.28,-59.17
2235,-39.29,-59.35
2236,-39.19,-58.91
2237,-39.26,-59.08
2238,-39.29,-59.27
2239,-39.11,-58.71
2240,-39.18,-58.86
2241,-39.25,-59.03
2242,-39.07,-58.61
2243,-39.15,-58.77
2244,-39.22,-58.94
2245,-39.33,-59.34
2246,-39.27,-59.15
2247,-39.2,-58.98
2248,-39.69,-59.44
2249,-39.66,-59.42
2250,-39.21,-58.95
2251,-39.14,-58.77
2252,-39.08,-58.58
2253,-39.58,-57.34
2254,-39.72,-57.37
2255,-39.86,-57.4
2256,-39.94,-57.45
2257,-39.4,-58.05
2258,-39.53,-57.68
2259,-39.43,-57.95
2260,-39.99,-57.47
2261,-39.43,-58.02
2262,-39.48,-57.92
2263,-39.43,-58.02
2264,-39.95,-57.44
2265,-39.4,-58.27
2266,-39.48,-57.92
2267,-39.47,-57.6
2268,-39.85,-57.65
2269,-39.96,-57.78
2270,-39.45,-58
2271,-39.45,-57.7
2272,-39.47,-58
2273,-39.47,-58
2274,-39.52,-57.7
2275,-39.43,-58.12
2276,-39.47,-58
2277,-39.55,-57.67
2278,-39.55,-57.67
2279,-39.37,-58.35
2280,-39.27,-58.12
2281,-39.33,-58.4
2282,-39.23,-58.2
2283,-39.95,-56.95
2284,-39.83,-56.81
2285,-39.35,-58.2
2286,-39.25,-58.2
2287,-39.37,-58.4
2288,-39.8,-56.75
2289,-39.91,-56.88
2290,-39.9,-56.96
2291,-39.9,-56.97
2292,-39.99,-57.09
2293,-39.37,-58.27
2294,-39.37,-57.98
2295,-39.35,-58.25
2296,-39.86,-57.14
2297,-39.86,-57.12
2298,-39.35,-58.32
2299,-39.2,-58.12
2300,-39,-58.27
2301,-39.13,-58.15
2302,-38.95,-58.32
2303,-39.37,-58.27
2304,-39.25,-58
2305,-39.35,-58.32
2306,-39.86,-57.14
2307,-39.35,-58.27
2308,-39.4,-58.75
2309,-39.42,-58.42
2310,-39.38,-58.2
2311,-39.2,-57.97
2312,-39.25,-57.58
2313,-39.9,-57.16
2314,-39.25,-57.97
2315,-39.25,-57.63
2316,-39.32,-57.3
2317,-39.69,-56.46
2318,-39.83,-56.49
2319,-39.96,-56.53
2320,-39.28,-57.7
2321,-39.15,-57.43
2322,-39.3,-57.63
2323,-39.64,-56.96
2324,-39.72,-57.12
2325,-39.8,-57.27
2326,-39.33,-57.85
2327,-39.28,-57.5
2328,-39.25,-57.77
2329,-39.5,-56.41
2330,-39.39,-56.27
2331,-39.28,-56.14
2332,-39.33,-57.48
2333,-39.4,-57.48
2334,-39.32,-57.85
2335,-39.25,-56.31
2336,-39.4,-56.32
2337,-39.51,-56.45
2338,-39.47,-57.97
2339,-39.55,-57.62
2340,-39.47,-57.98
2341,-39.14,-56.31
2342,-39.27,-56.32
2343,-39.4,-56.32
2344,-39.44,-56.4
2345,-39.33,-56.37
2346,-39.25,-56.53
2347,-39.58,-56.55
2348,-39.5,-56.45
2349,-39.41,-56.34
2350,-38.35,-57.08
2351,-38.6,-57.48
2352,-39.85,-57.16
2353,-39.71,-57.07
2354,-39.33,-58.38
2355,-39.42,-58.12
2356,-39.48,-57.78
2357,-39.03,-58.02
2358,-39.4,-58.2
2359,-39.48,-57.83
2360,-39.48,-57.52
2361,-39.18,-58.14
2362,-38.93,-57.99
2363,-39.11,-58.15
2364,-39.48,-57.87
2365,-39.55,-57.52
2366,-39.55,-57.25
2367,-39.95,-58.31
2368,-39.3,-58.47
2369,-39.4,-58.22
2370,-39.45,-57.93
2371,-39.3,-58.48
2372,-39.4,-58.22
2373,-39.45,-57.92
2374,-39.32,-58.47
2375,-39.4,-58.22
2376,-39.5,-57.88
2377,-39.33,-58.48
2378,-39.42,-58.22
2379,-39.5,-57.88
2380,-39.33,-58.45
2381,-39.43,-58.13
2382,-39.47,-57.83
2383,-39.33,-58.47
2384,-39.43,-58.15
2385,-39.47,-57.85
2386,-39.33,-58.43
2387,-39.42,-58.13
2388,-39.35,-58.45
2389,-39.4,-58.12
2390,-39.23,-57.85
2391,-39.39,-58.51
2392,-39.62,-58.55
2393,-39.35,-57.95
2394,-39.2,-57.77
2395,-39.35,-57.97
2396,-39.2,-57.75
2397,-39.76,-58.78
2398,-39.63,-58.54
2399,-39.46,-58.3
2400,-39.32,-58.43
2401,-39.4,-58.13
2402,-39.33,-57.85
2403,-39.69,-59.01
2404,-39.87,-59
2405,-39.65,-58.91
2406,-39.53,-58.83
2407,-39.32,-58.42
2408,-39.33,-58.15
2409,-39.3,-57.88
2410,-39.96,-56.31
2411,-39.82,-56.29
2412,-39.2,-58.49
2413,-39.49,-58.58
2414,-39.38,-58.39
2415,-39.28,-58.37
2416,-39.23,-57.87
2417,-39.43,-58
2418,-39.3,-58.3
2419,-39.23,-57.95
2420,-39.43,-58.02
2421,-39.67,-56.3
2422,-39.36,-56.3
2423,-39.37,-56.31
2424,-39.35,-58.45
2425,-39.51,-58.6
2426,-39.56,-58.7
2427,-39.37,-58.03
2428,-39.2,-57.82
2429,-39.4,-57.95
2430,-39.38,-58.02
2431,-39.2,-57.82
2432,-39.4,-57.95
2433,-38.83,-55.73
2434,-38.68,-55.7
2435,-38.53,-55.66
2436,-39.77,-58.98
2437,-39.56,-58.97
2438,-39.8,-58.95
2439,-39.3,-58.5
2440,-39.38,-58.25
2441,-39.2,-57.9
2442,-39.4,-58.25
2443,-39.43,-58
2444,-39.22,-57.9
2445,-39.54,-58.46
2446,-39.34,-58.41
2447,-39.37,-58.7
2448,-38.84,-55.72
2449,-38.84,-55.9
2450,-38.84,-56.08
2451,-39.67,-59
2452,-39.47,-58.47
2453,-39.35,-58.28
2454,-39.22,-58.02
2455,-39.38,-58.27
2456,-39.23,-57.98
2457,-39.12,-57.73
2458,-39.69,-58.99
2459,-39.48,-58.93
2460,-39.67,-58.71
2461,-39.03,-55.85
2462,-38.89,-55.75
2463,-38.76,-55.68
2464,-39.35,-58.28
2465,-39.22,-58.02
2466,-39.05,-57.72
2467,-39.5,-58.6
2468,-39.51,-58.92
2469,-39.55,-58.82
2470,-39.37,-58.25
2471,-39.22,-57.97
2472,-39.07,-57.7
2473,-39.5,-58.89
2474,-39.7,-59.05
2475,-39.9,-59.15
2476,-39.65,-58.97
2477,-39.49,-58.93
2478,-39.63,-58.87
2479,-39.47,-58.93
2480,-39.02,-57.68
2481,-39.35,-58.3
2482,-39.18,-58
2483,-39.35,-58.3
2484,-39.18,-58.02
2485,-39.03,-57.7
2486,-39.35,-58.3
2487,-39.18,-58.02
2488,-39.07,-57.62
2489,-39.03,-57.87
2490,-39.28,-56.98
2491,-39.03,-56.77
2492,-38.9,-56.72
2493,-39.07,-55.81
2494,-38.93,-55.72
2495,-38.79,-55.96
2496,-39.07,-56.92
2497,-38.88,-56.82
2498,-39.02,-57.02
2499,-39.44,-58.89
2500,-39.41,-58.56
2501,-38.86,-55.7
2502,-38.71,-55.62
2503,-38.56,-55.58
2504,-39,-57.77
2505,-39,-57.42
2506,-38.9,-57.2
2507,-38.76,-55.65
2508,-38.6,-55.62
2509,-38.98,-57.77
2510,-38.97,-57.42
2511,-38.83,-57.15
2512,-39,-57.79
2513,-38.98,-57.44
2514,-38.98,-57.44
2515,-39.34,-56.03
2516,-39.47,-56.1
2517,-39.6,-56.14
2518,-38.98,-57.7
2519,-39.02,-57.42
2520,-39.12,-57.72
2521,-39.75,-59.01
2522,-40,-59
2523,-38.99,-57.71
2524,-39.04,-57.42
2525,-39.06,-57.72
2526,-39.96,-56.8
2527,-38.98,-57.82
2528,-39.03,-57.55
2529,-38.98,-57.9
2530,-39,-57.84
2531,-39.03,-57.54
2532,-39,-57.9
2533,-39.93,-58.73
2534,-39.1,-57.78
2535,-38.83,-57.45
2536,-39.17,-57.79
2537,-38.92,-57.65
2538,-38.82,-57.4
2539,-38.94,-57.69
2540,-38.81,-57.42
2541,-38.7,-57.29
2542,-38.91,-57.64
2543,-38.9,-57.34
2544,-38.78,-57
2545,-38.98,-57.82
2546,-38.79,-57.56
2547,-38.67,-57.21
2548,-38.88,-57.36
2549,-38.7,-57
2550,-39.07,-58.05
2551,-38.97,-57.77
2552,-39.02,-57.64
2553,-39.38,-58.44
2554,-39.4,-58.67
2555,-39.38,-58.4
2556,-39.14,-57.99
2557,-39.18,-57.85
2558,-39.22,-58.14
2559,-39.33,-58.72
2560,-39.34,-58.43
2561,-39.36,-58.67
2562,-39.27,-58.38
2563,-39.22,-58.11
2564,-39.31,-58.39
2565,-39.35,-58.38
2566,-39.36,-58.6
2567,-39.37,-58.31
2568,-39.28,-58.37
2569,-39.21,-58.09
2570,-39.31,-58.32
2571,-39.67,-57.76
2572,-39.88,-57.79
2573,-39.27,-58.87
2574,-39.34,-58.31
2575,-39.34,-57.98
2576,-39.4,-57.68
2577,-39.52,-58.03
2578,-39.38,-58.88
2579,-38.9,-57.5
2580,-38.73,-57.39
2581,-38.9,-57.46
2582,-39.43,-58.65
2583,-39.45,-58.74
2584,-38.82,-57.51
2585,-38.64,-57.38
2586,-38.79,-57.5
2587,-38.8,-57.51
2588,-38.66,-57.48
2589,-38.64,-57.32
2590,-39.94,-57.51
2591,-39.87,-55.1
2592,-39.87,-55.07
2593,-39.83,-54.95
2594,-39.86,-54.89
2595,-39.82,-54.87
2596,-39.89,-56.87
2597,-38.82,-54.84
2598,-39.83,-54.88
2599,-39.83,-54.93
2600,-39.84,-54.92
2601,-39.78,-55.98
2602,-39.8,-56.86
2603,-39.73,-56.95
2604,-39.49,-54.72
2605,-39.47,-54.82
2606,-39.5,-54.69
2607,-39.5,-54.67
2608,-39.4,-54.8
2609,-39.41,-54.78
2610,-39.51,-54.66
2611,-39.53,-54.63
2612,-39.64,-56.95
2613,-39.64,-56.96
2614,-39.89,-56.86
2615,-39.99,-56.54
2616,-39.42,-54.77
2617,-39.43,-54.75
2618,-39.37,-54.82
2619,-39.78,-56
2620,-39.58,-55.88
2621,-39.77,-56
2622,-39.78,-56
2623,-39.61,-55.88
2624,-39.8,-55.98
2625,-39.9,-56.49
2626,-39.88,-56.22
2627,-37.96,-54.08
2628,-37.87,-54.06
2629,-39.8,-56
2630,-39.67,-55.93
2631,-39.48,-55.83
2632,-39.81,-56
2633,-39.67,-55.92
2634,-39.51,-55.84
2635,-39.89,-56.25
2636,-37.89,-54.2
2637,-39.62,-56.42
2638,-39.58,-56.09
2639,-39.45,-55.83
2640,-39.34,-55.85
2641,-39.14,-55.77
2642,-38.97,-55.67
2643,-39.3,-55.82
2644,-39.1,-55.74
2645,-38.93,-55.58
2646,-39.31,-55.79
2647,-39.07,-55.67
2648,-38.82,-55.53
2649,-39.52,-55.89
2650,-39.31,-55.8
2651,-39.2,-55.76
2652,-39.88,-56.31
2653,-39.21,-56.18
2654,-39.54,-55.92
2655,-39.39,-55.87
2656,-39.55,-55.94
2657,-39.84,-56.28
2658,-39.63,-56.16
2659,-39.47,-56.92
2660,-39.56,-56
2661,-39.47,-55.88
2662,-39.58,-55.85
2663,-39.78,-56.07
2664,-39.6,-56
2665,-39.5,-55.98
2666,-39.66,-56.01
2667,-39.92,-57.44
2668,-39.5,-55.92
2669,-39.41,-55.86
2670,-39.58,-55.9
2671,-39.51,-55.91
2672,-39.31,-55.79
2673,-39.11,-55.65
2674,-39.5,-55.91
2675,-39.32,-55.78
2676,-39.46,-55.82
2677,-39.54,-56.03
2678,-39.54,-56.09
2679,-39.26,-55.93
2680,-38.97,-55.81
2681,-38.76,-55.71
2682,-38.58,-55.69
2683,-39.8,-56.02
2684,-39.63,-55.9
2685,-38.71,-55.61
2686,-38.65,-55.6
2687,-38.32,-55.59
2688,-39.88,-56.04
2689,-39.78,-55.96
2690,-38.72,-55.61
2691,-38.49,-55.58
2692,-38.31,-55.6
2693,-38.6,-55.71
2694,-38.36,-55.02
2695,-38.06,-55.3
2696,-38.62,-55.72
2697,-38.39,-55.65
2698,-38.15,-55.57
2699,-39.5,-55.84
2700,-39.27,-55.69
2701,-39,-55.56
2702,-39.32,-55.88
2703,-39.08,-55.72
2704,-38.89,-55.77
2705,-39,-55.83
2706,-38.8,-55.74
2707,-38.67,-55.67
2708,-39,-55.85
2709,-38.86,-55.74
2710,-38.94,-55.76
2711,-39.42,-55.96
2712,-39.19,-55.86
2713,-38.95,-55.8
2714,-39.42,-55.95
2715,-39.22,-55.85
2716,-38.97,-55.8
2717,-39.49,-55.99
2718,-39.37,-55.97
2719,-39.56,-55.88
2720,-39.49,-55.99
2721,-39.36,-56.05
2722,-39.56,-56.18
2723,-39.55,-55.92
2724,-39.46,-55.89
2725,-39.55,-55.86
2726,-39.92,-56.79
2727,-39.52,-55.98
2728,-39.47,-55.91
2729,-39.53,-56.85
2730,-39.55,-55.91
2731,-39.36,-55.79
2732,-39.54,-55.87
2733,-39.53,-55.9
2734,-39.34,-55.79
2735,-39.53,-55.85
2736,-39.52,-55.9
2737,-39.36,-55.79
2738,-39.56,-55.92
2739,-39.53,-55.9
2740,-39.34,-55.77
2741,-39.53,-55.85
2742,-39.35,-55.83
2743,-38.93,-55.93
2744,-39.33,-55.82
2745,-39.17,-55.77
2746,-39.35,-55.85
2747,-39.48,-55.88
2748,-39.28,-55.76
2749,-39.1,-55.66
2750,-37.84,-55.67
2751,-37.68,-55.95
2752,-37.58,-54.89
2753,-38,-55.44
2754,-37.81,-55.21
2755,-37.69,-55.03
2756,-37.94,-55.27
2757,-37.77,-55.13
2758,-37.64,-54.96
2759,-37.9,-55.32
2760,-37.76,-55.13
2761,-37.64,-54.94
2762,-37.87,-55.18
2763,-37.72,-55.01
2764,-37.84,-55.11
2765,-37.87,-55.16
2766,-37.71,-55
2767,-37.83,-55.09
2768,-37.64,-54.93
2769,-37.77,-55.1
2770,-37.58,-54.94
2771,-37.96,-55.21
2772,-37.76,-55.05
2773,-37.57,-54.86
2774,-39.61,-55.88
2775,-39.8,-56.03
2776,-37.75,-55.04
2777,-37.59,-54.88
2778,-37.45,-54.71
2779,-37.7,-54.98
2780,-37.52,-54.78
2781,-37.4,-54.63
2782,-37.55,-54.84
2783,-37.41,-54.69
2784,-37.59,-54.89
2785,-39.31,-55.8
2786,-39.11,-55.7
2787,-38.93,-55.59
2788,-39.39,-55.84
2789,-39.21,-55.74
2790,-39.39,-55.78
2791,-39.46,-55.89
2792,-39.34,-55.79
2793,-39.52,-55.88
2794,-38.94,-55.61
2795,-38.74,-55.51
2796,-38.47,-55.42
2797,-39.55,-56.04
2798,-39.39,-55.97
2799,-39.25,-55.93
2800,-39.31,-56.05
2801,-39.56,-56.07
2802,-39.38,-55.98
2803,-39.15,-55.86
2804,-39.63,-57.17
2805,-39.74,-57.16
2806,-39.41,-55.99
2807,-39.19,-55.86
2808,-38.95,-55.71
2809,-39.56,-56.07
2810,-39.35,-55.98
2811,-39.1,-55.89
2812,-39.57,-56.07
2813,-39.34,-55.98
2814,-39.11,-55.88
2815,-39.87,-56.22
2816,-39.89,-56.66
2817,-39.86,-56.65
2818,-39.99,-56.63
2819,-39.8,-56.66
2820,-39.93,-56.72
2821,-39.93,-56.19
2822,-39.76,-56.1
2823,-39.91,-56.2
2824,-39.91,-56.69
2825,-39.87,-56.27
2826,-39.97,-56.3
2827,-39.84,-56.16
2828,-39.7,-56.13
2829,-39.5,-56.05
2830,-39.83,-56.28
2831,-39.93,-56.48
2832,-40,-56.27
2833,-39.83,-56.1
2834,-39.62,-55.92
2835,-39.95,-56.28
2836,-39.77,-56.13
2837,-39.62,-56.02
2838,-39.48,-55.93
2839,-39.8,-56.07
2840,-39.99,-56.18
2841,-39.81,-56.04
2842,-39.69,-55.97
2843,-39.97,-56.23
2844,-39.78,-56.1
2845,-39.78,-56.1
2846,-39.97,-56.18
2847,-39.75,-56.02
2848,-39.6,-55.9
2849,-39.98,-56.18
2850,-39.79,-55.99
2851,-39.52,-55.88
2852,-39.45,-55.93
2853,-39.64,-56.07
2854,-39.93,-56.2
2855,-39.75,-56.08
2856,-39.57,-55.92
2857,-39.99,-56.16
2858,-39.91,-56.09
2859,-39.95,-56.17
2860,-39.77,-56.05
2861,-39.57,-56.9
2862,-37.97,-55.37
2863,-37.77,-55.22
2864,-37.55,-55.02
2865,-38,-55.38
2866,-37.8,-55.22
2867,-37.63,-55.02
2868,-39.78,-56.02
2869,-37.8,-55.22
2870,-37.57,-55.05
2871,-37.37,-54.87
2872,-37.83,-55.2
2873,-37.63,-54.98
2874,-37.45,-54.78
2875,-37.97,-55.28
2876,-37.97,-55.25
2877,-37.77,-55.13
2878,-37.57,-54.92
2879,-38.62,-55.52
2880,-38.4,-55.42
2881,-38.18,-55.33
2882,-39.54,-55.87
2883,-39.31,-55.79
2884,-39.11,-55.71
2885,-37.63,-54.93
2886,-37.45,-54.73
2887,-37.3,-54.58
2888,-39.3,-55.82
2889,-39.16,-55.71
2890,-38.94,-55.59
2891,-39.27,-55.88
2892,-39.1,-55.78
2893,-38.95,-55.7
2894,-37.7,-55
2895,-37.53,-54.87
2896,-37.53,-54.93
2897,-37.72,-55
2898,-39.16,-55.74
2899,-38.99,-55.64
2900,-38.84,-55.56
2901,-39.15,-55.75
2902,-38.93,-55.65
2903,-38.82,-55.58
2904,-37.62,-54.92
2905,-37.45,-54.73
2906,-37.47,-54.8
2907,-39.13,-55.72
2908,-38.93,-55.6
2909,-38.8,-55.51
2910,-39.15,-55.77
2911,-38.93,-55.63
2912,-38.78,-55.55
2913,-39.12,-55.72
2914,-38.98,-55.6
2915,-39.13,-55.67
2916,-38.98,-56.54
2917,-39.07,-56.43
2918,-39.16,-56.33
2919,-39.18,-55.74
2920,-39.05,-55.67
2921,-39.22,-55.76
2922,-39.17,-55.77
2923,-38.95,-55.58
2924,-38.77,-55.52
2925,-38.7,-55.53
2926,-38.92,-55.6
2927,-38.7,-55.47
2928,-39.61,-56.35
2929,-39.75,-56.35
2930,-39.89,-56.35
2931,-39.2,-55.76
2932,-39.43,-55.85
2933,-39.56,-55.9
2934,-39.4,-55.75
2935,-39.43,-55.85
2936,-39.55,-55.76
2937,-39.57,-56.22
2938,-39.47,-56.03
2939,-39.55,-56.28
2940,-39.57,-56.23
2941,-39.62,-56.08
2942,-39.47,-56.2
2943,-38.99,-55.83
2944,-38.88,-55.77
2945,-38.75,-55.7
2946,-39.53,-55.9
2947,-39.36,-55.79
2948,-39.18,-55.69
2949,-39.52,-55.88
2950,-39.35,-55.78
2951,-39.24,-55.68
2952,-38.4,-56.93
2953,-38.23,-56.73
2954,-39.25,-55.77
2955,-38.78,-55.74
2956,-38.65,-55.67
2957,-38.51,-55.61
2958,-39.53,-55.86
2959,-39.31,-55.75
2960,-39.07,-55.63
2961,-39.35,-55.77
2962,-39.12,-55.66
2963,-38.89,-55.54
2964,-39.26,-55.69
2965,-39.26,-55.7
2966,-39.04,-55.6
2967,-38.92,-55.6
2968,-38.68,-55.48
2969,-39.9,-57.38
2970,-38.82,-55.5
2971,-39.29,-55.71
2972,-39.07,-55.61
2973,-38.85,-55.5
2974,-39.86,-57.32
2975,-39.59,-59.03
2976,-39.78,-59.09
2977,-37.82,-56.59
2978,-37.7,-56.48
2979,-37.58,-56.39
2980,-37.5,-56.34
2981,-37.71,-56.51
2982,-37.58,-56.4
2983,-37.47,-56.28
2984,-37.68,-56.5
2985,-37.56,-56.4
2986,-37.56,-56.45
2987,-38.21,-56.96
2988,-38.25,-57.04
2989,-38.3,-57.11
2990,-38.38,-57.27
2991,-38.36,-57.27
2992,-38.45,-57.42
2993,-38.54,-57.57
2994,-38.43,-57.41
2995,-38.33,-57.25
2996,-38.33,-57.27
2997,-38.43,-57.48
2998,-38.34,-57.31
2999,-38.25,-57.16
3000,-38.54,-57.7
3001,-38.46,-57.53
3002,-38.37,-57.39
3003,-39.97,-59.21
3004,-38.67,-57.99
3005,-38.6,-57.81
3006,-38.53,-57.65
3007,-38.45,-57.52
3008,-38.53,-57.67
3009,-38.6,-57.84
3010,-38.34,-57.3
3011,-38.43,-57.46
3012,-38.52,-57.6
3013,-38.42,-57.4
3014,-38.51,-57.54
3015,-38.57,-57.65
3016,-38.6,-57.65
3017,-38.42,-57.37
3018,-38.49,-57.53
3019,-38.56,-57.68
3020,-38.75,-58.14
3021,-38.67,-57.97
3022,-38.61,-57.8
3023,-38.77,-58.16
3024,-38.69,-57.98
3025,-38.63,-57.81
3026,-38.74,-58.05
3027,-38.81,-58.22
3028,-38.88,-58.38
3029,-38.85,-58.28
3030,-38.75,-58.11
3031,-38.82,-58.28
3032,-38.87,-58.34
3033,-38.8,-58.19
3034,-38.63,-57.78
3035,-38.72,-57.96
3036,-38.8,-58.13
3037,-38.5,-57.51
3038,-38.59,-57.68
3039,-38.68,-57.85
3040,-39.93,-59.02
3041,-38.48,-57.47
3042,-38.56,-57.65
3043,-38.64,-57.82
3044,-39.9,-59.28
3045,-38.44,-57.37
3046,-38.48,-57.46
3047,-38.58,-57.62
3048,-38.35,-57.22
3049,-38.45,-57.37
3050,-38.55,-57.53
3051,-38.21,-56.97
3052,-38.31,-57.13
3053,-38.41,-57.29
3054,-38.55,-57.61
3055,-38.63,-57.79
3056,-38.71,-57.96
3057,-38.71,-57.92
3058,-38.63,-57.76
3059,-38.55,-57.6
3060,-38.86,-58.25
3061,-38.71,-57.89
3062,-38.78,-58.07
3063,-39.1,-58.66
3064,-39.17,-58.85
3065,-39.22,-59.03
3066,-38.88,-58.35
3067,-38.8,-58.19
3068,-38.75,-58.09
3069,-38.73,-58.05
3070,-38.66,-57.9
3071,-38.59,-57.73
3072,-38.69,-57.98
3073,-38.61,-57.81
3074,-38.58,-57.66
3075,-38.62,-58.76
3076,-38.71,-57.94
3077,-38.78,-58.11
3078,-38.62,-57.69
3079,-38.54,-57.52
3080,-38.45,-57.36
3081,-38.71,-57.97
3082,-38.64,-57.8
3083,-38.56,-57.63
3084,-39.13,-58.76
3085,-39.19,-58.95
3086,-39.26,-59.13
3087,-39.27,-59.13
3088,-39.18,-58.95
3089,-39.24,-59.13
3090,-39.36,-59.49
3091,-39.28,-59.3
3092,-39.23,-59.11
3093,-38.86,-58.3
3094,-38.79,-58.13
3095,-38.71,-57.95
3096,-39.17,-58.81
3097,-39.22,-58.98
3098,-39.28,-59.17
3099,-39.3,-59.34
3100,-39.25,-59.15
3101,-39.35,-59.46
3102,-39.27,-59.29
3103,-39.23,-59.09
3104,-39.34,-59.38
3105,-39.28,-59.2
3106,-38.89,-58.44
3107,-38.85,-58.25
3108,-38.79,-58.07
3109,-38.85,-58.28
3110,-38.8,-58.07
3111,-38.86,-58.26
3112,-38.86,-58.33
3113,-38.8,-58.14
3114,-38.82,-58.26
3115,-38.67,-57.89
3116,-38.74,-58.06
3117,-38.8,-58.25
3118,-38.57,-57.66
3119,-38.64,-57.83
3120,-38.7,-58.01
3121,-38.46,-57.44
3122,-38.54,-57.62
3123,-38.6,-57.79
3124,-38.75,-58.19
3125,-38.68,-58.02
3126,-38.61,-57.84
3127,-39.15,-58.93
3128,-39.2,-59.12
3129,-39.26,-59.22
3130,-39.24,-59.2
3131,-39.18,-59.01
3132,-39.13,-58.82
3133,-39.33,-59.36
3134,-39.27,-59.18
3135,-39.21,-58.99
3136,-39.34,-59.36
3137,-39.29,-59.18
3138,-39.6,-59.37
3139,-39.74,-59.47
3140,-39.97,-58.56
3141,-39.32,-57.41
3142,-38.77,-58.09
3143,-38.71,-57.94
3144,-38.64,-57.78
3145,-35.37,-53.8
3146,-39.72,-57.88
3147,-39.83,-57.9
3148,-39.98,-57.9
3149,-35.63,-54.35
3150,-38.98,-58.99
3151,-39.05,-59.21
3152,-39.09,-59.44
3153,-37.28,-56.47
3154,-37.47,-56.8
3155,-39.19,-59.32
3156,-39.11,-59.16
3157,-39.14,-59.38
3158,-38.9,-59.5
3159,-38.87,-59.44
3160,-38.91,-59.3
3161,-38.91,-59.43
3162,-39.31,-59.29
3163,-39.39,-59.46
3164,-39.39,-59.46
3165,-39.32,-59.28
3166,-39.25,-59.1
3167,-39.4,-59.46
3168,-39.33,-59.28
3169,-39.4,-59.42
3170,-39.31,-59.21
3171,-39.38,-59.37
3172,-39.37,-59.38
3173,-39.31,-59.2
3174,-39.39,-59.35
3175,-39.39,-59.4
3176,-39.32,-59.19
3177,-39.4,-59.35
3178,-39.37,-59.49
3179,-39.3,-59.32
3180,-39.32,-59.16
3181,-39.4,-59.32
3182,-39.48,-59.5
3183,-39.67,-59.37
3184,-39.79,-59.47
3185,-39.38,-59.5
3186,-39.31,-59.33
3187,-39.24,-59.16
3188,-39.33,-59.45
3189,-39.26,-59.27
3190,-39.2,-59.1
3191,-39.41,-59.48
3192,-39.33,-59.3
3193,-39.26,-59.12
3194,-39.95,-57.38
3195,-39.8,-56.25
3196,-39.94,-56.3
3197,-39.73,-56.24
3198,-39.88,-56.27
3199,-39.73,-56.2
3200,-39.88,-56.26
3201,-39.74,-56.18
3202,-39.87,-56.22
3203,-38.99,-55.85
3204,-38.87,-55.78
3205,-38.74,-55.71
3206,-39.61,-56.22
3207,-39.75,-56.23
3208,-39.88,-56.29
3209,-39.89,-56.26
3210,-37.27,-56.2
3211,-37.09,-56
3212,-39.45,-56.43
3213,-39.97,-56.25
3214,-39.89,-56.26
3215,-39.78,-56.19
3216,-39.92,-56.26
3217,-35.95,-54.58
3218,-35.86,-54.37
3219,-35.93,-54.55
3220,-35.85,-54.31
3221,-35.69,-54.09
3222,-39.89,-56.23
3223,-35.52,-54.96
3224,-35.67,-54.09
3225,-35.51,-53.96
3226,-35.65,-54.09
3227,-35.5,-53.95
3228,-35.6,-53.83
3229,-39.97,-56.32
3230,-35.65,-54.08
3231,-39.94,-56.33
3232,-39.93,-56.35
3233,-39.84,-56.21
3234,-39.12,-59.04
3235,-39.31,-59.06
3236,-39.33,-59.15
3237,-39.53,-59.27
3238,-39.91,-56.27
3239,-39.79,-56.17
3240,-39.69,-56.17
3241,-39.8,-56.45
3242,-39.96,-56.78
3243,-39.89,-56.63
3244,-39.98,-56.65
3245,-39.92,-56.76
3246,-40,-56.91
3247,-39.91,-56.97
3248,-39.99,-57.12
3249,-39.94,-56.31
3250,-39.83,-56.2
3251,-39.67,-55.88
3252,-39.87,-55.99
3253,-39.68,-55.88
3254,-38.88,-58.03
3255,-38.55,-57.5
3256,-39.91,-56.85
3257,-39.92,-56.86
3258,-39.92,-56.88
3259,-39.9,-57.02
3260,-39.82,-56.83
3261,-39.72,-56.86
3262,-39.84,-56.84
3263,-39.81,-56.68
3264,-39.82,-56.96
3265,-39.91,-57.12
3266,-39.92,-57.22
3267,-39.97,-57.37
3268,-39.96,-57.38
3269,-39.87,-56.23
3270,-39.73,-56.18
3271,-39.67,-56.19
3272,-39.53,-56.1
3273,-39.39,-56.02
3274,-39.96,-56.91
3275,-39.94,-56.32
3276,-39.8,-56.23
3277,-39.94,-56.34
3278,-39.8,-56.24
3279,-39.66,-56.19
3280,-39.87,-56.31
3281,-39.74,-56.23
3282,-39.92,-56.36
3283,-39.78,-56.27
3284,-39.75,-59.08
3285,-39.91,-56.37
3286,-39.78,-56.28
3287,-39.98,-56.33
3288,-39.85,-56.24
3289,-39.87,-56.36
3290,-39.87,-56.4
3291,-39.75,-56.29
3292,-39.97,-56.49
3293,-39.83,-56.37
3294,-39.7,-56.27
3295,-39.93,-56.48
3296,-39.81,-56.38
3297,-39.69,-56.28
3298,-39.98,-56.58
3299,-39.86,-56.46
3300,-39.74,-56.35
3301,-39.53,-56.17
3302,-39.68,-56.19
3303,-39.81,-56.26
3304,-39.83,-56.65
3305,-39.91,-56.76
3306,-39.99,-56.89
3307,-39.93,-57.35
3308,-39.81,-57.24
3309,-39.91,-57.36
3310,-39.79,-57.25
3311,-39.22,-57.97
3312,-39.86,-56.99
3313,-39.99,-56.99
3314,-37.45,-56.28
3315,-37.47,-56.27
3316,-35.9,-54.45
3317,-35.79,-54.26
3318,-35.63,-54.06
3319,-35.49,-53.87
3320,-39.41,-55.82
3321,-39.53,-55.91
3322,-39.37,-55.81
3323,-39.52,-55.91
3324,-36.58,-56.1
3325,-36.48,-56.03
3326,-34.95,-52.7
3327,-34.8,-52.58
3328,-34.68,-52.49
3329,-34.68,-52.56
3330,-34.78,-52.66
3331,-34.99,-52.73
3332,-39.53,-55.89
3333,-39.27,-55.75
3334,-39.29,-55.77
3335,-35.18,-52.95
3336,-39.38,-55.85
3337,-39.16,-55.75
3338,-38.93,-55.63
3339,-39.1,-55.71
3340,-38.86,-55.59
3341,-38.63,-55.47
3342,-38.88,-55.58
3343,-38.66,-55.47
3344,-38.41,-55.47
3345,-39.14,-55.7
3346,-38.92,-55.59
3347,-38.69,-55.48
3348,-38.3,-55.14
3349,-38.07,-55.27
3350,-37.85,-55.14
3351,-38.33,-55.37
3352,-38.14,-55.3
3353,-37.91,-55.19
3354,-38.28,-55.35
3355,-38.08,-55.11
3356,-37.87,-55.16
3357,-38.19,-55.32
3358,-37.97,-55.21
3359,-37.89,-55.13
3360,-37.68,-54.94
3361,-37.93,-55.16
3362,-37.76,-55.02
3363,-37.6,-54.88
3364,-37.94,-55.17
3365,-37.73,-55.08
3366,-38.35,-55.92
3367,-38.16,-55.65
3368,-38.02,-55.43
3369,-39.53,-55.87
3370,-39.3,-55.73
3371,-39.11,-55.65
3372,-37.92,-55.16
3373,-37.76,-55.02
3374,-37.62,-54.87
3375,-37.9,-55.15
3376,-37.75,-55.02
3377,-37.62,-54.88
3378,-37.9,-55.14
3379,-37.76,-55.03
3380,-37.61,-54.87
3381,-37.91,-55.15
3382,-37.74,-55
3383,-37.58,-54.86
3384,-37.72,-54.99
3385,-37.56,-54.81
3386,-37.42,-54.65
3387,-37.67,-54.93
3388,-37.57,-54.78
3389,-37.39,-54.61
3390,-39.75,-57.15
3391,-39.87,-57.18
3392,-39.98,-57.2
3393,-38.99,-55.56
3394,-38.81,-55.45
3395,-38.62,-55.39
3396,-39.97,-57.22
3397,-39.82,-57.18
3398,-38.99,-55.56
3399,-38.81,-55.45
3400,-38.63,-55.4
3401,-39.97,-57.23
3402,-39.82,-57.2
3403,-39,-55.51
3404,-38.83,-55.39
3405,-38.66,-55.32
3406,-39.95,-57.25
3407,-38.93,-55.47
3408,-38.78,-55.36
3409,-38.62,-55.31
3410,-38.92,-55.47
3411,-38.77,-55.37
3412,-38.6,-55.3
3413,-38.93,-55.48
3414,-38.77,-55.36
3415,-38.59,-55.28
3416,-38.8,-55.4
3417,-38.67,-55.32
3418,-38.42,-55.28
3419,-38.82,-55.4
3420,-38.67,-55.32
3421,-38.49,-55.28
3422,-39.93,-57.32
3423,-38.93,-55.48
3424,-38.77,-55.37
3425,-38.62,-55.32
3426,-38.94,-55.48
3427,-38.78,-55.37
3428,-39.98,-57.37
3429,-39.83,-57.35
3430,-38.98,-55.5
3431,-38.82,-55.4
3432,-38.63,-55.33
3433,-38.92,-55.47
3434,-38.77,-55.37
3435,-38.6,-55.3
3436,-39.98,-56.38
3437,-39.87,-56.38
3438,-39.35,-54.83
3439,-39.32,-54.85
3440,-39.48,-54.73
3441,-39.5,-54.7
3442,-39.85,-56.37
3443,-39.97,-56.33
3444,-36.32,-52.75
3445,-36.38,-52.83
3446,-34.98,-52.69
3447,-34.77,-52.55
3448,-34.58,-52.42
3449,-34.58,-52.67
3450,-34.92,-53.6
3451,-34.98,-53.82
3452,-35.1,-54.03
3453,-35.1,-54.25
3454,-35.27,-54.07
3455,-35.38,-54.72
3456,-35.5,-54.53
3457,-35.4,-54.7
3458,-35.57,-54.88
3459,-37.88,-55.13
3460,-37.75,-55.02
3461,-37.65,-54.92
3462,-37.95,-54.08
3463,-37.83,-53.98
3464,-37.88,-54.03
3465,-37.88,-54.03
3466,-38.92,-55.48
3467,-38.77,-55.37
3468,-38.58,-55.3
3469,-38,-54.08
3470,-35.6,-55.07
3471,-35.47,-54.87
3472,-35.33,-54.68
3473,-38.9,-55.45
3474,-38.77,-55.37
3475,-38.6,-55.32
3476,-36.55,-52.95
3477,-36.38,-52.83
3478,-36.38,-52.85
3479,-36.53,-52.97
3480,-35.42,-54.75
3481,-35.53,-54.93
3482,-35.42,-54.75
3483,-36.53,-52.82
3484,-36.4,-52.85
3485,-36.53,-52.98
3486,-36.38,-52.83
3487,-36.63,-53.35
3488,-36.53,-52.95
3489,-36.38,-52.82
3490,-36.52,-53
3491,-36.52,-53.02
3492,-39.98,-57.08
3493,-39.8,-57.08
3494,-39.95,-57.07
3495,-39.73,-55.78
3496,-39.77,-55.73
3497,-39.8,-55.73
3498,-39.8,-55.7
3499,-39.77,-57.07
3500,-39.92,-57.05
3501,-39.8,-56.13
3502,-39.98,-56.27
3503,-39.8,-56.13
3504,-39.75,-57.05
3505,-39.9,-57
3506,-39.77,-56.95
3507,-39.73,-56.03
3508,-39.9,-57.15
3509,-39.75,-57.15
3510,-39.65,-57.18
3511,-39.93,-57.15
3512,-39.95,-57.17
3513,-39.98,-57.13
3514,-38.91,-55.45
3515,-38.79,-55.35
3516,-38.96,-55.45
3517,-38.92,-55.46
3518,-38.79,-55.35
3519,-38.94,-55.44
3520,-38.94,-55.45
3521,-38.77,-55.32
3522,-39.84,-56.74
3523,-39.97,-56.79
3524,-39.92,-56.74
3525,-39.94,-56.81
3526,-39.75,-56.78
3527,-39.89,-56.82
3528,-38.95,-55.46
3529,-38.79,-55.33
3530,-38.95,-55.47
3531,-39.88,-56.84
3532,-38.96,-55.47
3533,-38.79,-55.47
3534,-38.62,-55.29
3535,-39.99,-56.9
3536,-38.48,-55.33
3537,-38.32,-55.3
3538,-38.55,-55.27
3539,-38.97,-55.45
3540,-38.78,-55.32
3541,-38.63,-55.22
3542,-37.65,-54.9
3543,-37.48,-54.72
3544,-37.37,-54.62
3545,-37.83,-55.1
3546,-37.6,-54.87
3547,-39.85,-55.97
3548,-39.72,-55.97
3549,-38.97,-55.45
3550,-38.82,-55.3
3551,-38.97,-55.47
3552,-39.97,-56.84
3553,-37.55,-54.78
3554,-37.55,-54.8
3555,-37.82,-55.1
3556,-37.7,-54.95
3557,-37.88,-55.12
3558,-39.68,-55.83
3559,-39.9,-56.12
3560,-39.96,-56.79
3561,-39.93,-56.75
3562,-39.85,-56.61
3563,-39.94,-56.6
3564,-39.84,-56.44
3565,-39.79,-56.28
3566,-39.81,-56.31
3567,-39.88,-56.25
3568,-39.95,-56.34
3569,-39.96,-56.91
3570,-39.72,-54.98
3571,-39.75,-54.93
3572,-39.65,-54.9
3573,-39.65,-54.75
3574,-39.6,-54.7
3575,-39.98,-57.24
3576,-39.99,-57.27
3577,-40,-57.16
3578,-35.6,-56.5
3579,-35.69,-56.63
3580,-35.62,-56.51
3581,-35.66,-56.64
3582,-35.64,-56.49
3583,-35.67,-56.58
3584,-35.58,-56.43
3585,-39.33,-59.35
3586,-39.27,-59.17
3587,-39.2,-59.01
3588,-39.4,-59.49
3589,-39.34,-59.34
3590,-39.28,-59.17
3591,-39.38,-59.38
3592,-39.37,-59.4
3593,-39.32,-59.23
3594,-39.26,-59.09
3595,-39.3,-59.24
3596,-39.36,-59.42
3597,-39.38,-59.41
3598,-39.35,-59.17
3599,-39.4,-59.35
3600,-39.39,-59.36
3601,-39.97,-56.94
3602,-39.93,-56.74
3603,-39.92,-56.55
3604,-39.71,-56.24
3605,-39.56,-56.18
3606,-39.43,-56.12
3607,-37.47,-56.33
3608,-37.58,-56.33
3609,-37.7,-56.55
3610,-37.25,-56.08
3611,-37.37,-56.18
3612,-37.43,-56.23
3613,-37.18,-55.98
3614,-37.28,-56.13
3615,-37.38,-56.23
3616,-37.27,-56.13
3617,-37.18,-56
3618,-37.1,-55.83
3619,-37.18,-56.03
3620,-37.12,-55.87
3621,-37.05,-55.77
3622,-38.13,-56.95
3623,-38.25,-57.13
3624,-38.57,-57.67
3625,-38.63,-57.83
3626,-38.7,-58
3627,-39.17,-58.93
3628,-39.23,-59.1
3629,-39.3,-59.27
3630,-39.3,-59.32
3631,-39.23,-59.13
3632,-39.17,-58.97
3633,-39.37,-59.45
3634,-39.28,-59.28
3635,-39.22,-59.12
3636,-39.27,-59.15
3637,-39.33,-59.32
3638,-39.27,-59.15
3639,-39.28,-59.13
3640,-39.35,-59.32
3641,-39.47,-58.43
3642,-39.28,-59.15
3643,-39.35,-59.3
3644,-39.45,-59.42
3645,-39.27,-59.08
3646,-39.35,-59.27
3647,-39.32,-59.25
3648,-39.27,-59.08
3649,-39.35,-59.22
3650,-39.35,-59.22
3651,-39.3,-59.03
3652,-39.35,-59.18
3653,-39.35,-59.43
3654,-39.28,-59.27
3655,-39.28,-59.27
3656,-39.37,-59.43
3657,-39.3,-59.27
3658,-39.32,-59.27
3659,-39.4,-59.45
3660,-37.57,-53.78
3661,-37.63,-53.67
3662,-37.58,-53.62
3663,-37.17,-53.45
3664,-37.15,-53.53
3665,-37.13,-53.58
3666,-37.13,-53.63
3667,-37.13,-54.05
3668,-38,-54.1
3669,-37.88,-54.02
3670,-37.88,-54.2
3671,-37.98,-54.1
3672,-37.98,-54.08
3673,-37.9,-54.17
3674,-37.93,-54.13
3675,-38.02,-54.08
3676,-38.02,-54.05
3677,-37.92,-54.15
3678,-38,-54.1
3679,-37.9,-54.18
3680,-37.88,-54.2
3681,-38,-54.1
3682,-38,-54.12
3683,-37.57,-53.65
3684,-37.57,-53.65
3685,-37.57,-53.68
3686,-37.58,-53.32
3687,-36.38,-52.85
3688,-37.57,-53.67
3689,-37.57,-53.65
3690,-37.58,-53.65
3691,-37.55,-53.58
3692,-37.55,-53.57
3693,-37.58,-53.67
3694,-37.58,-53.65
3695,-37.6,-53.63
3696,-39.45,-59.37
3697,-39.37,-59.2
3698,-39.3,-59.03
3699,-37.55,-53.58
3700,-38.87,-58.38
3701,-38.78,-58.22
3702,-38.68,-58.63
3703,-39.37,-54.63
3704,-39.35,-54.5
3705,-36.1,-56.07
3706,-38.75,-58.15
3707,-38.83,-58.3
3708,-38.85,-58.23
3709,-35.77,-55.62
3710,-35.78,-55.55
3711,-38.58,-57.77
3712,-38.52,-57.58
3713,-38.43,-57.42
3714,-35.88,-55.57
3715,-35.82,-55.57
3716,-38.63,-57.83
3717,-38.55,-57.68
3718,-38.52,-57.67
3719,-35.85,-55.28
3720,-39.92,-57.57
3721,-36,-55.42
3722,-35.77,-55.17
3723,-35.95,-55.33
3724,-39,-56.6
3725,-37.75,-56.58
3726,-37.62,-56.48
3727,-37.5,-56.37
3728,-37.42,-56.27
3729,-37.28,-56.13
3730,-37.2,-56
3731,-37.9,-55.63
3732,-38,-55.6
3733,-38.12,-55.65
3734,-38.43,-55.65
3735,-38.57,-55.65
3736,-38.7,-55.7
3737,-38.55,-55.62
3738,-38.57,-55.62
3739,-38.7,-55.65
3740,-38.37,-55.6
3741,-38.5,-55.58
3742,-38.65,-55.6
3743,-38.35,-55.6
3744,-38.48,-55.57
3745,-38.33,-55.55
3746,-38.35,-55.62
3747,-38.5,-55.63
3748,-38.37,-55.65
3749,-39.95,-59.16
