"latitud","longitud"
-39.56,-58.74
-39.33,-59.13
-39.45,-59.35
-39.52,-59.45
-39.39,-54.51
-39.35,-54.48
-39.33,-54.39
-39.28,-54.4
-39.4,-54.53
-39.39,-54.52
-39.43,-54.55
-39.45,-54.52
-39.4,-54.52
-39.39,-54.52
-39.46,-54.62
-39.53,-54.07
-39.48,-54.6
-39.39,-54.52
-39.4,-54.51
-39.45,-54.52
-39.38,-54.52
-39.33,-54.51
-37.08,-53.52
-39.44,-54.55
-39.39,-54.51
-39.33,-54.5
-39.27,-54.47
-39.49,-54.56
-39.39,-54.53
-39.39,-54.51
-39.33,-54.51
-39.27,-54.45
-39.24,-54.41
-39.42,-54.58
-39.39,-54.52
-39.46,-54.51
-39.31,-54.5
-39.33,-54.51
-39.28,-54.48
-39.41,-54.57
-39.39,-54.52
-39.4,-54.51
-39.32,-54.51
-39.31,-54.51
-39.36,-54.56
-39.41,-54.56
-39.39,-54.51
-39.39,-54.51
-39.31,-54.51
-39.31,-54.51
-39.42,-54.57
-39.41,-54.54
-39.39,-54.51
-39.39,-54.5
-39.31,-54.49
-39.36,-54.51
-39.44,-54.5
-39.42,-54.57
-39.39,-54.51
-39.56,-54.5
-39.39,-54.49
-39.52,-54.68
-39.53,-54.67
-39.53,-54.65
-39.51,-54.69
-39.5,-54.7
-39.5,-54.72
-39.48,-54.74
-39.51,-54.66
-38.47,-53.95
-38.42,-53.97
-38.77,-53.93
-38.3,-53.92
-38.25,-53.91
-38.21,-53.88
-38,-53.99
-38,-54
-38.05,-53.89
-37.9,-53.95
-37.99,-53.97
-37.99,-54
-37.99,-53.99
-38.04,-53.89
-39.78,-54.95
-37.99,-54
-39.98,-55.23
-38,-53.99
-37.99,-53.95
-37.21,-53.42
-37.21,-53.45
-37.19,-53.59
-37.19,-53.6
-37.19,-53.63
-37.21,-53.41
-37.22,-53.45
-37.27,-53.39
-37.21,-53.41
-37.22,-53.44
-37.26,-53.42
-39.92,-55.26
-37.28,-53.39
-37.22,-53.45
-37.21,-53.41
-37.25,-53.43
-37.27,-53.42
-39.56,-54.75
-39.45,-54.55
-37.21,-53.45
-37.24,-53.44
-37.21,-53.39
-37.21,-53.47
-39.01,-54.14
-38.9,-54.17
-39.97,-54.94
-38.28,-53.94
-39.85,-55.24
-39.86,-54.94
-39.75,-54.93
-39.32,-54.66
-39.35,-54.54
-39.33,-54.57
-39.4,-54.5
-37.14,-53.57
-37.11,-53.5
-39.23,-55.07
-39.23,-55.07
-39.22,-55.08
-39.22,-55.1
-39.22,-55.12
-39.22,-55.13
-39.22,-55.17
-39.2,-55.17
-39.27,-55.38
-39.28,-55.4
-39.12,-55.3
-37.16,-53.45
-37.08,-53.49
-37.24,-53.44
-37.05,-53.51
-39.9,-54.99
-39.32,-54.48
-39.3,-54.57
-39.38,-54.58
-39.35,-54.5
-39.32,-54.47
-37.09,-53.5
-37.04,-53.55
-37.1,-53.48
-39.92,-55.01
-39.4,-54.5
-39.4,-54.48
-39.38,-54.57
-39.37,-54.53
-39.48,-54.45
-39.32,-54.48
-39.28,-54.45
-39.38,-54.52
-39.4,-54.5
-37.04,-53.51
-37.16,-53.42
-37.07,-53.49
-39.88,-55.02
-39.38,-54.5
-39.38,-54.5
-39.2,-54.37
-39.13,-54.3
-39.17,-54.32
-37,-53.51
-37.09,-53.55
-39.38,-54.5
-39.4,-54.5
-39.03,-54.3
-39.13,-54.27
-39.08,-54.3
-39.2,-54.33
-37.3,-53.46
-37.38,-53.44
-37.38,-53.51
-37.62,-53.7
-37.62,-53.68
-37.63,-53.67
-37.63,-53.65
-37.58,-53.6
-37.6,-53.7
-39.2,-54.37
-37.43,-53.52
-37.29,-53.46
-37.18,-53.6
-37.18,-53.58
-37.2,-53.57
-37.2,-53.52
-37.2,-53.48
-37.49,-53.58
-39.44,-54.77
-39.35,-54.64
-37.6,-53.72
-37.6,-53.7
-37.62,-53.68
-37.62,-53.67
-37.63,-53.65
-37.58,-53.6
-37.62,-53.7
-37.48,-53.57
-37.42,-53.51
-37.35,-53.48
-39.47,-54.62
-37.63,-53.68
-37.63,-53.63
-37.62,-53.68
-37.63,-53.67
-38.62,-54.13
-38.2,-53.98
-37.87,-54.32
-37.85,-54.32
-37.83,-54.33
-37.8,-54.33
-37.78,-54.35
-37.78,-54.37
-37.88,-54.3
-37.58,-53.62
-37.62,-53.7
-38.03,-54.16
-38.02,-54.16
-37.88,-53.93
-37.88,-54.28
-37.87,-54.2
-37.87,-54.18
-37.9,-54.32
-37.87,-54.3
-37.74,-53.75
-37.78,-53.78
-38.02,-54.15
-38.03,-54.07
-38.15,-54.11
-39.8,-54.93
-38.18,-54.47
-38.2,-54.47
-38.2,-54.47
-38.27,-54.52
-38.22,-54.48
-38.52,-54.02
-38.66,-54.21
-37.92,-54.23
-37.87,-54.24
-37.88,-54.24
-39.53,-54.65
-39.59,-54.8
-39.85,-55.17
-39.87,-55.23
-37.91,-54.23
-37.85,-54.22
-37.92,-54.19
-39.93,-55
-39.84,-55.18
-39.73,-55.8
-39.75,-55.8
-39.73,-55.78
-39.75,-55.78
-39.75,-55.77
-39.77,-55.73
-38.02,-54.14
-37.95,-54.18
-39.8,-55.7
-39.78,-55.68
-39.2,-54.39
-39.12,-54.35
-39.4,-54.51
-39.39,-54.6
-39.9,-55.29
-39.93,-55.3
-39.87,-55.22
-39.99,-55.12
-39.72,-56.65
-39.98,-56.4
-39.92,-56.03
-37.68,-54.8
-37.75,-54.67
-37.82,-54.73
-37.83,-54.63
-37.87,-54.67
-37.87,-54.62
-37.88,-54.62
-37.93,-54.58
-38.48,-57.45
-38.55,-57.52
-38.62,-57.72
-38.4,-57.18
-38.42,-57.32
-38.48,-57.45
-38.48,-57.47
-38.2,-56.95
-38.08,-56.82
-38.03,-56.75
-37.98,-56.68
-37.97,-56.73
-38.08,-56.78
-38.17,-56.88
-38.28,-57.1
-38.57,-57.53
-38.48,-57.4
-38.52,-57.48
-38.73,-57.92
-38.73,-57.92
-39.35,-58.33
-39.45,-58.68
-39.42,-58.32
-38.63,-57.72
-39.33,-58.42
-39.32,-58.82
-39.32,-58.57
-39.35,-58.83
-38.72,-57.88
-39.3,-58.82
-39.32,-58.83
-39.3,-58.97
-39.03,-58.45
-39.33,-58.87
-39.32,-58.55
-38.3,-58.85
-39.33,-58.55
-39.03,-58.38
-39.3,-58.57
-39.18,-58.77
-39.38,-58.6
-39.05,-58.38
-39.1,-58.4
-39.4,-58.3
-39.4,-58.23
-39.42,-58.3
-38.82,-58.13
-38.43,-57.38
-38.43,-57.38
-38.25,-57.05
-38.22,-57.05
-38.52,-57.58
-38.22,-57.03
-37.95,-56.72
-37.93,-56.72
-38.07,-56.8
-38.15,-56.88
-38.17,-56.88
-38.23,-57.07
-38.43,-57.42
-38.63,-57.77
-38.6,-57.68
-38.6,-57.77
-38.53,-57.52
-39.65,-57.73
-38.72,-57.9
-38.53,-57.48
-38.57,-57.37
-38.33,-57.2
-38.22,-57.02
-38.28,-57.08
-38.53,-57.38
-38.47,-57.45
-38.45,-57.43
-39.92,-59.26
-39.66,-59.17
-39.55,-58.96
-39.68,-59.13
-38.42,-57.37
-38.7,-57.77
-38.68,-47.77
-38.67,-57.73
-38.43,-57.32
-38.65,-57.58
-38.75,-57.82
-38.73,-57.72
-38.48,-57.32
-38.73,-57.75
-38.73,-57.75
-38.92,-58.12
-39.02,-58.27
-39.08,-58.35
-39.08,-58.35
-39.37,-59.28
-39.43,-59.32
-39.42,-59.32
-39.32,-57.2
-39.35,-59.25
-39.37,-59.3
-39.65,-59.47
-38.95,-58.23
-38.78,-58.17
-36.63,-53.4
-36.63,-53.35
-38.82,-58.15
-38.78,-58.12
-36.65,-53.4
-36.67,-53.27
-36.82,-53.28
-36.82,-53.3
-38.8,-53.3
-36.68,-53.17
-38.77,-58.15
-36.68,-53.27
-36.77,-53.82
-36.8,-53.9
-36.8,-53.8
-36.8,-53.53
-36.82,-53.4
-39,-58.45
-36.83,-53.43
-36.8,-53.32
-39.05,-58.48
-37.12,-53.52
-37.15,-53.5
-37.22,-53.35
-37.23,-53.35
-37.17,-53.38
-37.23,-53.33
-37.17,-53.43
-37.17,-53.42
-39.05,-58.47
-37.92,-54.07
-37.97,-54.08
-37.97,-54
-38.03,-53.9
-37.98,-54
-37.93,-54.07
-37.92,-54.17
-37.97,-54.1
-39.75,-55.8
-39.75,-55.78
-39.76,-55.77
-39.77,-55.74
-39.82,-55.71
-39.79,-55.7
-39.75,-55.66
-39.72,-55.62
-39.69,-55.6
-39.25,-59.02
-38.03,-53.9
-37.97,-54.02
-37.95,-54.03
-37.95,-54.07
-37.85,-54
-37.98,-53.45
-37.92,-53.08
-39.65,-55.56
-39.62,-55.51
-39.59,-55.45
-39.54,-55.42
-39.51,-55.43
-39.47,-55.47
-39.35,-59.28
-37.97,-54.02
-37.88,-54.18
-37.92,-54.13
-37.9,-54.07
-39.26,-55.02
-39.24,-54.99
-39.23,-54.96
-39.23,-54.98
-39.21,-54.99
-39.19,-54.99
-39.15,-55
-39.16,-55.02
-38.68,-54.02
-38.78,-54.03
-38.8,-54.05
-38.63,-54.85
-38.62,-54.92
-38.6,-54.83
-38.57,-54.93
-38.57,-54.93
-39.33,-59.23
-37.87,-54
-37.98,-54
-37.97,-54.08
-37.92,-54.08
-37.95,-54.03
-37.61,-53.72
-37.6,-53.69
-37.61,-53.68
-37.57,-53.6
-37.59,-53.67
-37.59,-53.66
-38.55,-54.83
-38.55,-54.9
-38.53,-54.7
-38.52,-54.85
-38.52,-54.75
-39.4,-59.28
-37.93,-54.12
-37.85,-54
-37.98,-54
-37.93,-54.05
-37.93,-54.08
-37.87,-54.08
-37.57,-53.57
-37.58,-53.67
-37.57,-53.62
-37.62,-53.67
-37.22,-53.35
-37.23,-53.5
-37.32,-53.33
-37.2,-53.37
-37.2,-53.42
-37.18,-53.43
-39.52,-59.4
-37.93,-54.12
-37.85,-54
-37.95,-54
-37.93,-54.1
-37.93,-54.07
-37.59,-53.56
-37.59,-53.57
-37.63,-53.67
-37.63,-53.7
-37.64,-53.65
-37.59,-53.58
-37.59,-53.59
-37.2,-53.45
-37.18,-53.43
-37.2,-53.43
-37.25,-53.4
-38,-53.08
-38.9,-54.28
-37.87,-54.3
-37.85,-54.27
-37.62,-53.69
-37.64,-53.66
-37.63,-53.67
-37.59,-53.58
-37.59,-53.59
-37.62,-53.69
-37.23,-53.38
-37.18,-53.57
-37.18,-53.6
-37.2,-53.43
-37.82,-53.72
-37.78,-53.68
-37.85,-53.8
-37.82,-53.78
-38,-54.05
-38,-53.08
-38,-53.12
-38.85,-54.23
-38.88,-53.2
-37.82,-54.03
-38,-54.12
-37.59,-53.67
-37.65,-53.67
-37.59,-53.58
-37.59,-53.59
-37.62,-54.69
-38,-54.08
-38.02,-54.05
-38,-54
-38,-54.1
-37.95,-54.07
-37.98,-54.07
-37.57,-53.55
-37.57,-53.56
-37.59,-53.59
-37.18,-53.58
-37.13,-53.6
-37.18,-53.62
-37.18,-53.63
-37.18,-53.65
-37.17,-53.67
-37.17,-53.68
-37.18,-53.65
-37.09,-53.43
-37.09,-53.42
-37.1,-53.39
-37.04,-53.38
-37.18,-53.65
-37.18,-53.62
-37.15,-53.5
-37.17,-53.4
-37.17,-53.67
-37.17,-53.68
-37.15,-53.72
-36.63,-53.35
-36.67,-53.27
-36.82,-53.3
-36.67,-53.33
-36.63,-53.35
-36.8,-53.37
-36.67,-53.38
-36.63,-53.4
-38.21,-54.45
-38.21,-54.47
-38.22,-54.45
-38.2,-54.49
-37.17,-53.63
-37.17,-53.67
-37.17,-53.68
-37.15,-53.48
-37.17,-53.68
-37.17,-53.58
-36.82,-53.3
-36.63,-53.35
-36.85,-53.5
-37.03,-53.65
-37.05,-53.63
-37.07,-53.62
-39.14,-55.03
-39.14,-55.04
-39.16,-55.02
-39.14,-55.06
-39.14,-55.07
-39.14,-55.1
-39.15,-55.12
-39.14,-55.14
-39.43,-54.77
-39.44,-54.76
-37.17,-53.67
-37.17,-53.68
-37.12,-53.47
-37.2,-53.45
-37.17,-53.68
-37.17,-53.67
-37.15,-53.65
-39.45,-54.74
-39.44,-54.76
-39.42,-54.77
-39.42,-54.77
-39.74,-54.94
-39.66,-54.9
-37.2,-53.45
-39.6,-54.86
-39.59,-54.87
-39.5,-54.64
-39.5,-54.66
-39.72,-54.94
-39.64,-54.91
-39.61,-54.84
-39.6,-54.87
-39.82,-54.87
-39.81,-54.86
-39.49,-54.69
-39.49,-54.7
-39.37,-54.62
-39.37,-54.63
-39.62,-54.82
-39.62,-54.8
-39.62,-54.79
-39.63,-54.78
-39.62,-54.75
-39.39,-54.6
-39.37,-54.6
-39.36,-54.62
-39.37,-54.61
-39.37,-54.63
-39.36,-54.64
-39.34,-54.66
-39.36,-54.62
-39.37,-54.66
-39.34,-54.66
-39.84,-55.16
-39.82,-55.18
-39.82,-55.19
-39.8,-55.21
-39.8,-55.21
-39.84,-55.14
-39.82,-55.19
-39.79,-55.22
-39.77,-55.25
-39.76,-55.26
-39.74,-55.27
-39.72,-55.29
-39.6,-54.9
-39.64,-54.92
-39.92,-55.18
-39.92,-55.17
-39.88,-55.15
-39.36,-54.64
-39.37,-54.62
-39.37,-54.62
-39.38,-54.61
-39.39,-54.61
-38.8,-54.09
-38.95,-54.19
-38.87,-54.12
-38.82,-54.12
-38.79,-54.07
-39.62,-54.92
-39.57,-54.89
-39.56,-54.89
-39.12,-54.3
-39.18,-54.37
-39.38,-54.52
-39.3,-54.48
-39.3,-54.48
-39.37,-54.63
-39.47,-54.81
-39.46,-54.82
-36.63,-53.38
-36.63,-53.37
-36.63,-53.33
-36.7,-53.3
-36.82,-53.32
-36.82,-53.3
-36.53,-52.97
-36.38,-52.85
-36.42,-52.88
-36.35,-52.78
-36.53,-52.98
-36.38,-52.87
-36.32,-52.78
-36.57,-52.95
-36.56,-52.97
-36.38,-52.85
-36.53,-52.98
-36.32,-52.78
-36.53,-52.97
-36.53,-52.98
-36.32,-52.77
-36.6,-52.95
-36.58,-52.97
-36.82,-53.32
-36.9,-53.4
-36.97,-53.54
-36.98,-53.33
-37.22,-53.45
-37.22,-53.53
-37.2,-53.58
-36.53,-52.98
-36.53,-52.97
-36.4,-52.85
-36.4,-52.83
-37.62,-53.68
-37.58,-53.6
-37.62,-53.7
-37.75,-53.67
-39.38,-54.73
-39.33,-54.62
-39.43,-54.82
-39.37,-54.77
-39.43,-54.83
-39.45,-54.83
-39.47,-54.82
-39.48,-54.85
-37.87,-54.3
-37.83,-54.22
-37.87,-54.2
-37.88,-54.2
-37.9,-54.18
-37.88,-54.2
-37.87,-54.22
-38,-54.1
-37.9,-54.2
-37.88,-54.2
-37.9,-54.18
-37.02,-54.1
-38.02,-54.08
-38,-54.12
-38,-54
-36.53,-52.97
-36.53,-52.98
-36.4,-52.85
-37.85,-53.78
-37.87,-53.8
-37.87,-54.05
-37.9,-54.18
-37.88,-54.18
-37.9,-54.18
-37.98,-54.1
-37.98,-54.07
-39.47,-54.82
-39.42,-54.76
-39.33,-54.91
-39.38,-54.62
-39.37,-54.63
-36.4,-52.85
-36.32,-52.77
-36.56,-53
-36.54,-53.04
-37.97,-54.08
-39.39,-54.51
-39.49,-54.67
-39.48,-54.79
-39.46,-54.8
-39.4,-54.54
-39.49,-54.66
-39.52,-54.67
-39.48,-54.77
-39.16,-54.29
-39.14,-54.31
-39.4,-54.5
-39.49,-54.7
-39.51,-54.64
-39.38,-54.52
-39.33,-54.46
-39.39,-54.5
-39.38,-54.6
-39.37,-54.63
-39.51,-54.62
-39.49,-54.64
-39.32,-54.47
-39.38,-54.5
-39.37,-54.63
-39.35,-54.48
-39.49,-54.71
-38.85,-54.13
-38.82,-54.1
-39.89,-55.17
-39.85,-55.17
-39.85,-55.07
-39.62,-54.78
-39.42,-54.77
-39.42,-54.77
-39.4,-54.8
-39.4,-54.82
-39.38,-54.82
-39.37,-54.82
-39.35,-54.83
-39.35,-54.85
-39.32,-54.83
-39.32,-54.87
-39.32,-54.92
-39.4,-54.8
-39.4,-54.82
-39.48,-54.75
-39.5,-54.68
-39.52,-54.67
-39.5,-54.7
-39.5,-54.75
-39.87,-55.07
-39.87,-55.1
-39.9,-55.18
-39.9,-55.15
-39.88,-55.12
-39.87,-55.05
-39.87,-55.12
-39.83,-55.2
-39.65,-55.33
-39.72,-55.3
-39.75,-55.28
-39.62,-55.37
-39.63,-55.37
-39.65,-55.37
-39.67,-55.3
-39.67,-55.35
-39.65,-55.3
-37.93,-54.08
-37.85,-54.12
-37.83,-54.08
-37.93,-54.08
-37.9,-54.2
-37.85,-54.17
-37.93,-54.03
-37.93,-54.05
-36.52,-52.97
-36.37,-52.83
-36.28,-52.75
-37.85,-54.12
-37.83,-54.13
-37.93,-54.07
-37.85,-54.12
-37.87,-54.1
-37.82,-54.02
-37.93,-54.07
-37.87,-54.12
-37.88,-54.1
-37.87,-54.02
-38.02,-54.07
-37.92,-54.08
-37.92,-54.15
-37.87,-53.97
-37.93,-54.08
-37.9,-54.18
-37.87,-53.83
-37.93,-54.05
-37.87,-54.03
-37.88,-53.85
-37.9,-54.2
-37.88,-53.97
-37.87,-54.22
-37.92,-54.18
-37.88,-53.92
-37.88,-53.98
-37.93,-54.18
-37.85,-53.93
-37.85,-53.92
-37.83,-54
-37.9,-54.2
-37.88,-53.97
-37.85,-54
-37.9,-54.2
-37.87,-53.88
-37.85,-53.87
-37.85,-54.05
-37.85,-54.07
-37.83,-53.98
-37.83,-53.88
-37.83,-53.8
-37.83,-54.05
-37.85,-53.93
-37.83,-54.03
-37.88,-54.08
-37.88,-54.13
-37.9,-54.18
-37.88,-54.18
-37.87,-54.2
-37.85,-53.9
-37.85,-53.95
-37.53,-53.58
-37.52,-53.57
-37.85,-54.05
-37.62,-53.67
-37.52,-53.57
-37.53,-53.58
-37.55,-53.65
-37.55,-53.67
-36.53,-52.95
-36.55,-52.97
-36.52,-52.95
-36.52,-52.93
-36.53,-52.92
-36.35,-52.85
-36.37,-52.85
-36.52,-52.93
-36.35,-52.85
-36.52,-52.95
-36.52,-52.95
-36.37,-52.85
-36.5,-52.95
-36.35,-52.85
-36.52,-52.93
-36.5,-52.97
-38.02,-54.1
-39.96,-57.3
-39.88,-57.14
-39.8,-56.97
-38.22,-54.45
-37.93,-54.07
-37.83,-54.07
-39.95,-57.31
-39.87,-57.13
-39.78,-56.98
-38.2,-54.47
-37.93,-54.08
-37.85,-53.93
-37.85,-53.97
-39.77,-56.99
-39.92,-57.05
-39.75,-57
-37.85,-54.12
-37.83,-54.13
-39.89,-57.05
-36.52,-52.95
-36.33,-52.83
-36.28,-52.77
-36.38,-52.83
-36.4,-52.82
-39.89,-57.07
-39.99,-57.13
-39.82,-55.72
-39.8,-55.72
-39.8,-55.73
-39.78,-55.75
-39.87,-57.11
-39.73,-57.05
-39.82,-55.72
-39.82,-55.73
-39.88,-55.2
-39.88,-55.17
-39.83,-55.02
-39.82,-54.93
-39.82,-54.9
-39.73,-54.88
-39.83,-54.88
-39.67,-57.05
-39.81,-57.11
-39.95,-57.16
-37.13,-53.48
-37.07,-53.45
-39.93,-57.18
-39.77,-57.12
-37.05,-53.47
-37.05,-53.4
-37.12,-53.43
-37.1,-53.5
-37.05,-53.37
-37.1,-53.3
-39.95,-57.15
-39.88,-56.98
-37,-53.32
-36.98,-53.33
-36.97,-53.33
-36.95,-53.33
-36.93,-53.35
-37.25,-53.32
-37.25,-53.35
-39.96,-57.16
-39.9,-56.98
-37.13,-53.53
-37.18,-53.43
-37.25,-53.27
-37.22,-53.33
-39.98,-57.17
-39.92,-56.99
-37.18,-53.43
-37.23,-53.32
-37.25,-53.33
-39.99,-57.15
-39.93,-56.97
-38.68,-54.02
-38.68,-54.02
-38.68,-54.1
-38.75,-54.02
-38.82,-54.07
-39.94,-56.97
-39.47,-54.6
-39.6,-54.7
-39.6,-54.83
-39.62,-54.77
-39.97,-56.97
-39.3,-54.87
-39.32,-54.87
-39.35,-54.83
-39.6,-54.7
-39.33,-54.85
-39.33,-54.83
-39.35,-54.82
-39.99,-57
-36.4,-52.87
-36.37,-52.73
-36.4,-52.9
-36.32,-52.78
-36.22,-52.83
-36.23,-52.8
-36.4,-52.85
-36.4,-52.87
-36.43,-52.8
-36.1,-52.62
-36.1,-52.58
-36.03,-52.7
-36,-52.73
-36,-52.6
-35.48,-52.08
-35.48,-52.1
-39.42,-57.15
-39.4,-54.5
-39.3,-54.5
-38,-54.07
-37.95,-54.07
-38,-53.98
-38,-53.97
-38,-53.98
-38,-53.97
-38,-53.93
-38.05,-53.88
-38.02,-53.92
-38.03,-53.92
-38.07,-53.83
-38.07,-53.83
-37.98,-54
-37.98,-54.02
-37.93,-54.13
-37.87,-54.02
-37.93,-54.05
-37.6,-53.7
-37.55,-53.58
-37.6,-53.65
-36.38,-52.87
-36.38,-52.83
-36.32,-52.78
-36.32,-52.77
-37.17,-53.33
-37.17,-53.32
-37.23,-53.37
-37.23,-53.37
-37.85,-54
-37.98,-54.08
-37.88,-54.07
-38.17,-54.43
-38.12,-54.38
-38.2,-54.43
-36.66,-53.28
-36.65,-53.35
-37.89,-54.19
-38,-54.11
-38.01,-54.04
-38.01,-54.02
-38.68,-57.28
-39.66,-57.46
-39.98,-57.25
-39.55,-54.81
-39.99,-57.24
-39.79,-56.62
-39.95,-57.26
-39.82,-57.1
-39.72,-56.72
-39.7,-56.72
-39.68,-56.69
-39.36,-56.43
-39.82,-55.75
-39.82,-55.72
-39.8,-55.71
-39.62,-55.51
-39.61,-55.37
-39.62,-55.36
-39.64,-56.6
-39.63,-55.33
-39.58,-55.44
-39.57,-55.57
-39.51,-55.46
-39.61,-55.48
-39.58,-55.44
-39.69,-55.59
-39.63,-56.48
-38.01,-54.06
-37.86,-54.05
-37.86,-54.04
-37.86,-53.99
-37.96,-54.09
-39.6,-56.57
-37.86,-54.01
-37.86,-54.03
-37.86,-54.09
-37.87,-53.97
-37.85,-53.98
-37.87,-53.92
-37.87,-53.88
-37.87,-53.87
-39.99,-56.61
-37.86,-53.97
-37.87,-53.95
-37.86,-53.85
-37.86,-53.89
-37.84,-53.92
-39.8,-57.26
-37.86,-53.83
-37.85,-53.81
-37.86,-53.87
-37.85,-54
-39.93,-57.42
-37.87,-53.92
-37.87,-53.94
-37.87,-53.9
-39.89,-57.36
-39.9,-57.47
-39.9,-57.34
-39.33,-56.38
-38.92,-56.09
-38.12,-56.78
-38.09,-56.84
-38.42,-57.3
-38.56,-57.6
-38.56,-57.61
-38.65,-58.22
-38.73,-58.02
-38.58,-57.74
-39.98,-55.12
-39.98,-54.88
-39.93,-54.87
-39.92,-54.87
-39.49,-54.72
-39.5,-54.68
-39.42,-54.78
-39.41,-54.8
-39.52,-54.66
-37.87,-53.9
-37.88,-53.94
-37.87,-53.84
-37.87,-53.86
-37.94,-54.09
-37.94,-54.05
-37.94,-54.17
-37.95,-54.14
-36.74,-53.34
-36.69,-53.37
-36.64,-53.37
-39.98,-55.96
-39.97,-55.97
-39.95,-55.95
-39.98,-55.97
-39.95,-55.94
-39.92,-55.91
-39.89,-55.89
-36.55,-52.96
-36.6,-52.98
-36.39,-52.86
-36.31,-52.78
-37.21,-53.45
-37.19,-53.58
-37.21,-53.47
-37.2,-53.61
-37.2,-53.58
-37.22,-53.43
-37.2,-53.49
-37.14,-53.55
-37.21,-53.56
-37.22,-53.41
-37.22,-53.4
-37.2,-53.59
-37.18,-53.56
-37.21,-53.45
-37.19,-53.63
-37.19,-53.65
-37.9,-54.19
-37.22,-53.45
-37.21,-53.47
-37.88,-54
-38.01,-54.09
-37.88,-54.06
-37.89,-53.9
-37.91,-54.18
-38.01,-54.11
-37.88,-54.06
-37.9,-53.89
-38.01,-54.12
-37.88,-54.08
-37.89,-53.92
-38.01,-54.1
-38.01,-54.08
-37.87,-54.06
-37.89,-53.83
-37.88,-54
-37.63,-53.68
-37.6,-53.6
-37.63,-53.68
-37.62,-53.7
-37.89,-53.84
-37.89,-53.87
-36.54,-52.97
-36.54,-52.99
-36.39,-52.86
-36.55,-52.97
-36.39,-52.96
-36.31,-52.79
-36.39,-52.85
-36.36,-52.75
-36.32,-52.79
-36.85,-53.34
-37.01,-53.36
-37.03,-53.33
-37.08,-53.37
-39.16,-54.33
-39.39,-54.51
-39.38,-54.63
-39.37,-54.63
-39.39,-54.51
-39.39,-54.51
-39.4,-54.81
-39.37,-54.82
-39.24,-54.97
-39.19,-55
-38.01,-54.11
-37.87,-54.06
-37.9,-54.18
-37.89,-53.95
-39.86,-54.89
-39.82,-54.86
-39.83,-54.94
-39.86,-55.04
-39.86,-55.07
-37.87,-54.06
-37.63,-53.68
-37.62,-53.7
-37.56,-53.61
-37.63,-53.68
-37.14,-53.6
-37.16,-53.44
-37.14,-53.59
-37.14,-53.57
-37.14,-53.53
-37.25,-53.42
-37.19,-53.43
-37.95,-54.08
-37.97,-54.1
-37.98,-54.02
-37.95,-55.07
-37.88,-54.12
-37.83,-54
-37.88,-54.13
-37.85,-54.02
-37.83,-54.08
-37.93,-54.08
-37.9,-54.25
-37.9,-54.25
-37.8,-54.22
-37.8,-54.17
-37.82,-54.22
-37.8,-54.18
-37.62,-53.7
-37.63,-53.68
-37.58,-53.6
-36.38,-52.87
-36.38,-52.87
-36.37,-52.78
-36.32,-52.77
-36.45,-52.87
-36.75,-53.15
-36.83,-53.17
-36.7,-53.15
-36.7,-53.28
-36.68,-53.35
-36.68,-53.37
-37.87,-54.08
-38,-54.08
-37.87,-54.12
-37.87,-54.12
-39.32,-54.5
-39.4,-54.5
-39.4,-54.57
-39.37,-54.63
-39.3,-54.5
-39.47,-54.82
-39.43,-54.77
-39.82,-54.87
-39.9,-55.18
-39.83,-55.18
-39.13,-55.3
-39.17,-54.32
-39.2,-54.37
-39.27,-54.35
-39.18,-54.5
-38,-54
-37.92,-54.03
-37.95,-54.12
-37.98,-54.13
-37.98,-54.02
-37.95,-54.08
-37.87,-54.02
-37.98,-54.02
-37.95,-54.07
-37.9,-54.2
-37.98,-54.04
-37.95,-54.08
-37.93,-54.15
-37.9,-54.2
-37.88,-54.2
-37.98,-54
-37.9,-54.07
-37.95,-53.88
-37.98,-53.87
-37.15,-53.3
-37.23,-53.35
-37.22,-53.37
-37.17,-53.43
-37.23,-53.4
-37.2,-53.38
-37.17,-53.48
-37.2,-53.48
-37.25,-53.4
-36.38,-52.87
-36.4,-52.83
-36.3,-52.75
-37.95,-54.08
-37.97,-54.1
-37.98,-54
-38.18,-54.43
-38.18,-54.45
-38.43,-54.77
-38.63,-54.88
-38.58,-54.92
-38.68,-54.83
-38.9,-54.62
-39.5,-54.7
-39.5,-54.73
-39.65,-54.75
-39.87,-54.88
-39.82,-54.87
-37.22,-53.35
-37.97,-53.97
-39.75,-55.52
-39.78,-55.59
-38.6,-54.79
-38.63,-54.71
-37.79,-54.39
-37.82,-54.35
-39.43,-54.93
-39.33,-54.63
-39.38,-54.5
-39.95,-59.03
-39.13,-54.3
-37.98,-54.02
-37.98,-54.1
-37.88,-54.2
-37.65,-53.6
-37.58,-53.65
-37.97,-54.02
-39.95,-56.24
-39.91,-56.38
-39.8,-56.4
-39.23,-54.77
-39.42,-54.78
-39.3,-54.83
-39.33,-54.77
-39.42,-56.33
-39.38,-54.75
-39.45,-54.8
-39.42,-54.77
-39.87,-54.88
-39.82,-54.87
-39.61,-56.38
-39.4,-54.48
-39.33,-54.65
-39.48,-54.75
-38.2,-54.45
-38.2,-54.43
-38.17,-54.42
-38.13,-54.48
-38.13,-54.45
-39.99,-56.75
-39.42,-54.78
-39.3,-54.83
-39.33,-54.77
-36.53,-52.97
-36.38,-52.85
-36.38,-52.83
-40,-56.77
-39.38,-54.75
-39.42,-54.78
-36.52,-52.95
-36.52,-52.98
-36.38,-52.85
-36.3,-52.75
-36.52,-52.97
-36.52,-52.97
-36.37,-52.85
-36.32,-52.93
-36.45,-52.9
-36.52,-52.97
-36.73,-53.15
-36.82,-53.27
-37.15,-53.3
-37.83,-53.3
-37.95,-54.07
-37.98,-54.02
-37.98,-54.08
-37.98,-54
-38.8,-54.1
-40,-56.65
-38.83,-54.12
-38.85,-54.12
-39.13,-54.32
-39.15,-54.32
-39.2,-54.37
-39.13,-54.3
-39.3,-54.5
-39.3,-54.48
-39.22,-54.42
-38.45,-55.37
-39.97,-55.7
-39.97,-55.68
-39.98,-55.7
-39.3,-54.48
-39.3,-54.5
-39.28,-54.53
-39.22,-54.43
-37.85,-54.08
-37.88,-54.2
-37.88,-54.12
-37.88,-54.2
-37.87,-54.2
-37.98,-54
-38,-54.1
-37.95,-54.1
-37.98,-53.97
-37.98,-54.07
-37.95,-54.07
-37.98,-54
-37.93,-54.1
-37.98,-54.12
-37.98,-54
-37.93,-54.1
-37.95,-54.07
-37.97,-54.05
-37.98,-54
-37.95,-54.07
-36.53,-52.95
-36.52,-52.97
-36.38,-52.87
-39.82,-54.87
-39.57,-54.77
-39.47,-54.8
-39.43,-54.77
-39.37,-54.63
-39.38,-54.5
-39.82,-54.87
-39.71,-57.13
-39.84,-57.19
-39.97,-57.24
-39.61,-58.59
-39.96,-57.09
-39.89,-56.92
-39.88,-57.3
-39.73,-57.31
-39.95,-57.01
-39.87,-56.84
-39.8,-56.68
-39.84,-56.71
-39.72,-56.58
-39.59,-56.47
-39.48,-54.82
-39.19,-54.84
-39.33,-54.86
-39.34,-54.93
-39.27,-54.91
-39.78,-56.69
-39.67,-56.57
-39.55,-56.46
-38.01,-54.1
-37.86,-54.21
-37.86,-54.21
-37.85,-54.05
-38.31,-56.37
-39.43,-56.26
-39.55,-56.16
-37.58,-53.66
-37.58,-53.7
-37.57,-53.58
-39.42,-56.28
-39.31,-56.4
-39.2,-56.5
-39.7,-56.05
-39.56,-56.01
-39.41,-55.97
-39.94,-56.22
-39.8,-56.14
-39.17,-54.32
-39.17,-54.32
-39.15,-54.32
-39.12,-54.3
-39.91,-56.18
-39.77,-56.1
-39.6,-55.37
-39.63,-55.35
-39.65,-55.33
-39.65,-55.32
-39.7,-55.3
-39.7,-55.27
-39.52,-55.45
-39.5,-55.47
-39.89,-56.21
-39.76,-56.14
-39.5,-55.48
-39.45,-55.53
-39.57,-55.55
-39.53,-55.53
-39.45,-55.57
-39.45,-55.52
-39.48,-55.5
-39.97,-56.29
-39.84,-56.2
-39.7,-56.12
-39.82,-55.2
-39.85,-55.17
-39.88,-55.17
-39.83,-54.88
-39.82,-54.52
-39.75,-54.93
-39.88,-56.26
-39.75,-56.17
-39.73,-54.78
-39.68,-54.78
-39.62,-54.7
-39.72,-54.93
-39.75,-54.92
-39.75,-54.9
-39.65,-54.92
-40,-56.37
-39.87,-56.27
-39.74,-56.18
-39.58,-54.88
-39.72,-54.97
-39.73,-54.95
-40,-56.38
-39.87,-56.29
-39.73,-56.28
-37.18,-53.67
-37.13,-53.63
-37.17,-53.65
-37.17,-53.63
-37.17,-53.62
-37.17,-53.58
-37.2,-53.45
-36.56,-52.98
-36.54,-53.02
-36.39,-52.86
-40,-56.39
-39.87,-56.31
-39.74,-56.22
-36.82,-53.32
-36.82,-53.32
-36.82,-53.3
-36.85,-53.3
-36.82,-53.33
-36.8,-53.35
-37.57,-53.68
-37.57,-53.66
-39.87,-56.33
-39.75,-56.24
-36.82,-53.32
-36.67,-53.27
-39.82,-55.75
-39.79,-55.7
-39.81,-55.71
-39.77,-55.74
-39.76,-55.79
-39.75,-55.8
-39.76,-55.77
-40,-56.42
-39.6,-56.22
-39.71,-56.23
-39.81,-56.3
-39.82,-56.33
-39.72,-56.25
-39.83,-56.35
-39.74,-56.29
-39.9,-56.39
-39.79,-56.35
-39.7,-56.29
-39.37,-54.63
-39.35,-54.61
-39.36,-54.49
-39.15,-54.3
-39.34,-54.59
-39.31,-54.41
-39.36,-54.48
-39.43,-54.66
-39.43,-54.69
-39.31,-54.44
-39.36,-54.48
-39.97,-56.99
-37.96,-54.08
-37.84,-54.02
-39.25,-54.39
-39.76,-56.72
-39.69,-56.78
-39.63,-56.66
-39.31,-54.47
-39.36,-54.5
-39.37,-54.54
-38.99,-55.76
-38.87,-55.69
-38.74,-55.61
-38.49,-55.69
-38.61,-55.73
-38.72,-55.78
-38.42,-55.81
-38.28,-55.76
-38.14,-55.7
-39.89,-55.17
-39.85,-55.17
-39.83,-55.18
-37.23,-53.5
-37.16,-53.45
-37.04,-53.41
-37.23,-53.43
-37.15,-53.48
-37.18,-53.45
-37.14,-53.41
-37.17,-53.58
-37.18,-53.53
-37.18,-53.44
-36.57,-52.93
-37.12,-53.4
-37.16,-53.55
-37.18,-53.5
-39.93,-57.48
-39.6,-54.7
-39.57,-54.87
-39.82,-55.18
-39.88,-55.2
-37.13,-53.64
-37.16,-53.55
-37.13,-53.59
-37.12,-53.61
-37.13,-53.64
-37.12,-53.66
-37.11,-53.4
-39.86,-57.38
-39.96,-57.49
-39.8,-54.87
-39.82,-54.87
-39.82,-55.2
-39.78,-55.2
-39.77,-55.23
-37.13,-53.64
-37.12,-53.68
-37.14,-53.62
-37.14,-53.62
-39.86,-57.36
-39.81,-57.2
-39.76,-57.02
-37.12,-53.7
-37.14,-53.65
-37.11,-53.71
-39.66,-57.24
-39.78,-57.26
-39.91,-57.29
-37.23,-53.43
-39.94,-57.34
-39.8,-57.31
-39.48,-55.49
-39.46,-55.51
-39.46,-55.52
-39.5,-55.53
-39.44,-55.54
-39.94,-57.36
-37.84,-54.03
-37.85,-54
-37.84,-53.97
-39.93,-57.37
-37.12,-53.64
-39.96,-57.41
-39.74,-55.8
-39.75,-55.8
-39.75,-55.79
-39.87,-57.41
-39.96,-57.45
-39.95,-57.47
-39.96,-57.49
-39.95,-57.51
-39.89,-57.53
-39.95,-57.56
-40,-57.68
-39.67,-56.51
-39.55,-56.44
-39.45,-56.38
-39.67,-56.49
-39.79,-56.54
-39.93,-56.6
-39.67,-56.31
-37.95,-54.08
-38.68,-54.02
-38.82,-54.1
-38.8,-54.08
-39.81,-56.34
-39.94,-56.36
-39.94,-56.37
-39.79,-56.37
-39.92,-56.45
-39.78,-56.45
-39.96,-56.45
-39.91,-56.49
-39.77,-56.49
-40,-56.54
-36.95,-53.35
-36.95,-53.33
-36.8,-53.3
-36.52,-52.97
-36.38,-52.85
-39.94,-56.67
-36.83,-53.3
-36.52,-52.97
-36.53,-52.95
-36.38,-52.83
-36.8,-53.3
-39.96,-56.89
-39.86,-56.75
-36.57,-52.92
-36.38,-52.83
-36.3,-52.78
-39.95,-56.91
-39.85,-56.75
-36.55,-52.93
-36.55,-52.9
-36.38,-52.83
-36.38,-52.87
-37.14,-53.58
-37.13,-53.65
-37.22,-53.45
-37.13,-53.68
-37.11,-53.71
-39.97,-56.97
-39.87,-56.84
-36.6,-52.97
-36.52,-52.97
-37.22,-53.46
-37.1,-53.73
-37.11,-53.76
-36.38,-52.83
-36.3,-52.73
-36.53,-52.93
-37.22,-53.42
-37.19,-53.43
-37.1,-53.74
-37.12,-53.7
-38.74,-58.17
-39.7,-57.74
-39.73,-57.62
-39.67,-57.49
-36.4,-52.8
-36.38,-52.83
-36.65,-53.25
-36.63,-53.32
-36.8,-53.3
-37.15,-53.43
-37.19,-53.44
-37.16,-53.57
-37.14,-53.54
-37.16,-53.41
-39.98,-57.56
-39.9,-57.56
-36.65,-53.23
-37.18,-53.44
-37.15,-53.62
-37.14,-53.52
-37.18,-53.4
-36.67,-53.33
-36.67,-53.37
-36.65,-53.38
-36.65,-53.4
-37.26,-53.4
-37.22,-53.36
-37.12,-53.42
-37.13,-53.38
-36.63,-53.37
-36.62,-53.4
-36.6,-53.4
-36.65,-53.32
-36.65,-53.35
-37.19,-53.43
-37.22,-53.42
-37.07,-53.36
-37.16,-53.48
-36.62,-53.35
-37.04,-53.38
-37.09,-53.35
-36.97,-53.37
-36.97,-53.34
-37.6,-53.63
-37.85,-54.02
-37.86,-53.97
-37.85,-54.05
-37.96,-54.08
-37.96,-54.09
-37.86,-54.15
-37.87,-54.06
-37.87,-53.89
-39.97,-56.54
-39.82,-56.49
-39.69,-56.44
-40,-56.69
-39.78,-58.59
-39.96,-58.61
-39.77,-58.65
-39.79,-57.37
-38.55,-57.66
-38.61,-57.81
-38.67,-57.96
-38.61,-57.72
-38.54,-57.58
-38.46,-57.42
-39.57,-58.67
-38.52,-57.57
-38.44,-57.42
-39.98,-58.97
-38.36,-57.25
-38.26,-57.12
-38.18,-57
-38.08,-56.81
-37.98,-56.68
-37.86,-56.59
-39.96,-59.08
-38.02,-56.74
-37.9,-56.64
-37.79,-56.55
-37.68,-56.44
-37.78,-56.56
-37.9,-56.66
-37.61,-56.39
-37.72,-56.5
-37.83,-56.61
-37.48,-56.25
-37.59,-56.38
-37.7,-56.49
-37.49,-56.28
-37.6,-56.39
-37.7,-56.51
-39.72,-58.84
-39.7,-58.92
-37.49,-56.29
-37.6,-56.41
-37.71,-56.53
-37.42,-56.2
-37.5,-56.33
-37.61,-56.44
-37.41,-56.21
-37.5,-56.34
-37.6,-56.45
-37.71,-56.57
-37.6,-56.45
-37.49,-56.33
-37.72,-56.58
-37.59,-56.46
-37.48,-56.34
-37.47,-56.28
-37.48,-56.3
-37.72,-56.55
-37.83,-56.65
-37.95,-56.73
-38.3,-57.07
-38.18,-56.93
-38.08,-56.79
-38.26,-57.08
-38.36,-57.23
-38.45,-57.36
-38.6,-57.66
-38.52,-57.49
-38.43,-57.35
-39.57,-58.74
-39.46,-58.62
-39.59,-58.78
-38.59,-57.66
-38.52,-57.51
-38.43,-57.37
-39.54,-58.8
-39.51,-58.53
-39.51,-58.82
-39.48,-58.56
-38.55,-57.66
-38.61,-57.82
-38.68,-57.98
-39.52,-58.59
-39.49,-58.85
-39.48,-58.58
-39.51,-58.9
-38.48,-57.5
-38.56,-57.66
-38.64,-57.81
-39.51,-58.61
-39.52,-58.95
-39.66,-58.87
-39.58,-59.17
-38.43,-57.43
-38.52,-57.58
-38.6,-57.73
-39.59,-59.18
-39.76,-59.15
-39.51,-59.17
-39.71,-59.13
-38.61,-57.66
-38.53,-57.5
-38.44,-57.36
-39.75,-59.23
-39.96,-59.19
-39.75,-59.17
-39.97,-59.11
-38.6,-57.7
-38.69,-57.85
-38.75,-58.01
-38.83,-58.22
-38.78,-58.05
-38.72,-57.89
-38.88,-58.29
-38.79,-58.14
-38.73,-57.97
-39.82,-59.02
-39.59,-58.79
-39.76,-58.98
-39.99,-58.99
-39.09,-58.55
-38.99,-58.43
-38.88,-58.29
-39.01,-58.47
-38.9,-58.34
-38.8,-58.22
-39.03,-58.45
-38.92,-58.33
-38.83,-58.18
-38.9,-58.36
-38.77,-58.23
-38.86,-58.18
-38.9,-58.39
-38.78,-58.27
-38.87,-58.42
-38.96,-58.62
-38.88,-58.47
-38.79,-58.33
-38.87,-58.49
-38.96,-58.64
-39.06,-58.76
-37.71,-56.55
-37.84,-56.66
-37.63,-56.74
-37.72,-56.54
-37.84,-56.65
-37.97,-56.82
-38.07,-56.84
-38.17,-56.86
-38.26,-57.1
-38.38,-57.24
-38.18,-57.1
-38.19,-56.97
-39.03,-55.67
-39.17,-55.87
-39.33,-55.98
-39.22,-55.92
-38.41,-57.19
-38.49,-57.41
-38.57,-57.54
-39.38,-55.87
-39.27,-55.78
-39.43,-55.93
-38.5,-57.4
-38.6,-57.59
-39.5,-55.9
-39.3,-55.82
-39.47,-55.92
-39.28,-55.82
-38.4,-57.29
-38.49,-57.43
-38.57,-57.58
-38.35,-56.7
-38.62,-56.83
-38.9,-57
-37.88,-56.62
-38.02,-56.72
-38.12,-56.84
-39.52,-55.95
-39.07,-55.77
-39,-55.63
-39.3,-55.83
-38.21,-56.98
-38.11,-56.83
-37.98,-56.72
-39.5,-55.9
-39.28,-55.78
-39.05,-55.67
-39,-55.65
-38.2,-56.94
-38.1,-56.78
-38.98,-56.68
-39.53,-55.88
-39.28,-55.77
-39.05,-55.65
-39,-55.82
-37.77,-56.51
-38,-56.74
-37.87,-56.63
-39.35,-55.82
-39.12,-55.7
-39.02,-55.67
-39.08,-55.65
-37.94,-56.76
-37.87,-56.66
-37.76,-56.52
-37.83,-56.2
-37.93,-56.35
-37.75,-56.22
-37.6,-56.02
-37.64,-56.43
-37.53,-56.29
-37.43,-56.17
-37.18,-55.25
-37.23,-55.52
-37.4,-55.7
-37.23,-55.52
-37.31,-56.12
-37.42,-56.21
-37.54,-56.31
-37.18,-55.5
-37.32,-55.67
-37.87,-56.61
-37.76,-56.49
-37.64,-56.38
-37.52,-55.87
-37.27,-55.77
-38.83,-55.67
-38.62,-55.55
-37.83,-56.64
-37.71,-56.52
-37.59,-56.41
-37.18,-55.5
-37.28,-55.6
-37.32,-55.68
-37.79,-56.58
-37.66,-56.5
-37.55,-56.38
-37.33,-55.7
-37.32,-55.7
-37.43,-55.87
-37.67,-55.78
-37.8,-56.58
-37.67,-56.47
-37.56,-56.36
-37.76,-56.58
-37.62,-56.48
-37.51,-56.36
-37.75,-56.59
-37.63,-56.5
-37.51,-56.4
-38.07,-56.81
-38.18,-56.96
-38.27,-56.1
-38.61,-57.76
-38.68,-57.9
-38.76,-57.08
-38.77,-57.09
-38.62,-57.76
-38.7,-57.92
-38.6,-57.73
-38.69,-57.88
-38.76,-57.03
-38.7,-57.86
-38.61,-57.8
-38.52,-57.58
-38.71,-57.89
-38.63,-57.72
-38.54,-57.58
-38.68,-57.94
-38.61,-57.78
-38.53,-57.62
-38.54,-57.55
-38.62,-57.69
-38.7,-57.84
-37.85,-54.05
-37.85,-54.02
-37.96,-54.07
-38.72,-57.85
-38.78,-57.02
-38.79,-57.21
-37.13,-53.65
-37.13,-53.59
-37.17,-53.61
-38.59,-57.78
-38.52,-57.62
-38.45,-57.46
-37.08,-53.56
-37.13,-53.41
-36.56,-52.98
-36.54,-53
-38.47,-57.39
-38.38,-57.23
-38.3,-57.08
-36.39,-52.85
-36.35,-52.81
-36.39,-52.83
-36.39,-52.85
-36.51,-52.9
-38.47,-57.36
-38.37,-57.23
-38.44,-57.38
-36.4,-52.83
-36.67,-53.27
-36.64,-53.34
-36.64,-53.87
-38.37,-57.19
-38.46,-57.33
-38.53,-57.5
-36.64,-53.34
-36.64,-53.36
-36.56,-52.94
-36.81,-53.3
-36.65,-52.33
-36.4,-52.84
-36.56,-52.97
-36.55,-52.99
-36.39,-52.85
-36.82,-53.3
-36.96,-53.37
-37.23,-53.45
-37.18,-52.54
-37.57,-53.58
-37.57,-53.68
-38.18,-54.45
-38.3,-54.49
-37.83,-54.52
-37.12,-53.69
-37.29,-53.43
-37.17,-53.45
-37.19,-53.66
-37.13,-53.71
-36.65,-53.32
-36.64,-53.34
-36.64,-53.37
-36.32,-52.78
-36.39,-52.83
-36.39,-52.86
-36.54,-52.99
-36.63,-53.36
-36.63,-53.35
-36.42,-53.4
-38.6,-54.76
-38.76,-54.87
-38.49,-54.64
-37.97,-54.09
-37.98,-54.05
-37.15,-53.76
-37.14,-53.8
-37.09,-53.85
-36.81,-53.32
-37.58,-53.68
-38.58,-54.87
-38.56,-54.9
-38.63,-54.98
-37.66,-54.98
-38.68,-54.71
-38.7,-54.78
-38.45,-57.5
-38.94,-58.31
-39,-58.47
-39.06,-58.62
-39.13,-58.81
-39.22,-58.97
-39.29,-59.13
-39.1,-58.7
-39.16,-58.86
-39.23,-59.02
-39.01,-58.35
-39.08,-58.52
-39.14,-58.69
-39.05,-58.64
-39.12,-58.8
-39.17,-58.97
-39.13,-58.83
-39.05,-58.65
-38.97,-58.52
-39.06,-58.72
-39.01,-58.6
-38.94,-58.48
-39.24,-59.15
-39.32,-59.32
-39.39,-59.47
-39.4,-59.49
-39.38,-59.48
-39.5,-59.38
-39.5,-59.37
-39.56,-59.38
-39.69,-59.45
-39.5,-59.25
-39.62,-59.35
-39.73,-59.47
-39.23,-59.02
-39.16,-58.84
-39.09,-58.67
-39.25,-59.09
-39.17,-58.92
-39.11,-58.75
-39.31,-59.31
-39.3,-59.13
-39.2,-59.01
-39.28,-59.17
-39.29,-59.35
-39.19,-58.91
-39.26,-59.08
-39.29,-59.27
-39.11,-58.71
-39.18,-58.86
-39.25,-59.03
-39.07,-58.61
-39.15,-58.77
-39.22,-58.94
-39.33,-59.34
-39.27,-59.15
-39.2,-58.98
-39.69,-59.44
-39.66,-59.42
-39.21,-58.95
-39.14,-58.77
-39.08,-58.58
-39.58,-57.34
-39.72,-57.37
-39.86,-57.4
-39.94,-57.45
-39.4,-58.05
-39.53,-57.68
-39.43,-57.95
-39.99,-57.47
-39.43,-58.02
-39.48,-57.92
-39.43,-58.02
-39.95,-57.44
-39.4,-58.27
-39.48,-57.92
-39.47,-57.6
-39.85,-57.65
-39.96,-57.78
-39.45,-58
-39.45,-57.7
-39.47,-58
-39.47,-58
-39.52,-57.7
-39.43,-58.12
-39.47,-58
-39.55,-57.67
-39.55,-57.67
-39.37,-58.35
-39.27,-58.12
-39.33,-58.4
-39.23,-58.2
-39.95,-56.95
-39.83,-56.81
-39.35,-58.2
-39.25,-58.2
-39.37,-58.4
-39.8,-56.75
-39.91,-56.88
-39.9,-56.96
-39.9,-56.97
-39.99,-57.09
-39.37,-58.27
-39.37,-57.98
-39.35,-58.25
-39.86,-57.14
-39.86,-57.12
-39.35,-58.32
-39.2,-58.12
-39,-58.27
-39.13,-58.15
-38.95,-58.32
-39.37,-58.27
-39.25,-58
-39.35,-58.32
-39.86,-57.14
-39.35,-58.27
-39.4,-58.75
-39.42,-58.42
-39.38,-58.2
-39.2,-57.97
-39.25,-57.58
-39.9,-57.16
-39.25,-57.97
-39.25,-57.63
-39.32,-57.3
-39.69,-56.46
-39.83,-56.49
-39.96,-56.53
-39.28,-57.7
-39.15,-57.43
-39.3,-57.63
-39.64,-56.96
-39.72,-57.12
-39.8,-57.27
-39.33,-57.85
-39.28,-57.5
-39.25,-57.77
-39.5,-56.41
-39.39,-56.27
-39.28,-56.14
-39.33,-57.48
-39.4,-57.48
-39.32,-57.85
-39.25,-56.31
-39.4,-56.32
-39.51,-56.45
-39.47,-57.97
-39.55,-57.62
-39.47,-57.98
-39.14,-56.31
-39.27,-56.32
-39.4,-56.32
-39.44,-56.4
-39.33,-56.37
-39.25,-56.53
-39.58,-56.55
-39.5,-56.45
-39.41,-56.34
-38.35,-57.08
-38.6,-57.48
-39.85,-57.16
-39.71,-57.07
-39.33,-58.38
-39.42,-58.12
-39.48,-57.78
-39.03,-58.02
-39.4,-58.2
-39.48,-57.83
-39.48,-57.52
-39.18,-58.14
-38.93,-57.99
-39.11,-58.15
-39.48,-57.87
-39.55,-57.52
-39.55,-57.25
-39.95,-58.31
-39.3,-58.47
-39.4,-58.22
-39.45,-57.93
-39.3,-58.48
-39.4,-58.22
-39.45,-57.92
-39.32,-58.47
-39.4,-58.22
-39.5,-57.88
-39.33,-58.48
-39.42,-58.22
-39.5,-57.88
-39.33,-58.45
-39.43,-58.13
-39.47,-57.83
-39.33,-58.47
-39.43,-58.15
-39.47,-57.85
-39.33,-58.43
-39.42,-58.13
-39.35,-58.45
-39.4,-58.12
-39.23,-57.85
-39.39,-58.51
-39.62,-58.55
-39.35,-57.95
-39.2,-57.77
-39.35,-57.97
-39.2,-57.75
-39.76,-58.78
-39.63,-58.54
-39.46,-58.3
-39.32,-58.43
-39.4,-58.13
-39.33,-57.85
-39.69,-59.01
-39.87,-59
-39.65,-58.91
-39.53,-58.83
-39.32,-58.42
-39.33,-58.15
-39.3,-57.88
-39.96,-56.31
-39.82,-56.29
-39.2,-58.49
-39.49,-58.58
-39.38,-58.39
-39.28,-58.37
-39.23,-57.87
-39.43,-58
-39.3,-58.3
-39.23,-57.95
-39.43,-58.02
-39.67,-56.3
-39.36,-56.3
-39.37,-56.31
-39.35,-58.45
-39.51,-58.6
-39.56,-58.7
-39.37,-58.03
-39.2,-57.82
-39.4,-57.95
-39.38,-58.02
-39.2,-57.82
-39.4,-57.95
-38.83,-55.73
-38.68,-55.7
-38.53,-55.66
-39.77,-58.98
-39.56,-58.97
-39.8,-58.95
-39.3,-58.5
-39.38,-58.25
-39.2,-57.9
-39.4,-58.25
-39.43,-58
-39.22,-57.9
-39.54,-58.46
-39.34,-58.41
-39.37,-58.7
-38.84,-55.72
-38.84,-55.9
-38.84,-56.08
-39.67,-59
-39.47,-58.47
-39.35,-58.28
-39.22,-58.02
-39.38,-58.27
-39.23,-57.98
-39.12,-57.73
-39.69,-58.99
-39.48,-58.93
-39.67,-58.71
-39.03,-55.85
-38.89,-55.75
-38.76,-55.68
-39.35,-58.28
-39.22,-58.02
-39.05,-57.72
-39.5,-58.6
-39.51,-58.92
-39.55,-58.82
-39.37,-58.25
-39.22,-57.97
-39.07,-57.7
-39.5,-58.89
-39.7,-59.05
-39.9,-59.15
-39.65,-58.97
-39.49,-58.93
-39.63,-58.87
-39.47,-58.93
-39.02,-57.68
-39.35,-58.3
-39.18,-58
-39.35,-58.3
-39.18,-58.02
-39.03,-57.7
-39.35,-58.3
-39.18,-58.02
-39.07,-57.62
-39.03,-57.87
-39.28,-56.98
-39.03,-56.77
-38.9,-56.72
-39.07,-55.81
-38.93,-55.72
-38.79,-55.96
-39.07,-56.92
-38.88,-56.82
-39.02,-57.02
-39.44,-58.89
-39.41,-58.56
-38.86,-55.7
-38.71,-55.62
-38.56,-55.58
-39,-57.77
-39,-57.42
-38.9,-57.2
-38.76,-55.65
-38.6,-55.62
-38.98,-57.77
-38.97,-57.42
-38.83,-57.15
-39,-57.79
-38.98,-57.44
-38.98,-57.44
-39.34,-56.03
-39.47,-56.1
-39.6,-56.14
-38.98,-57.7
-39.02,-57.42
-39.12,-57.72
-39.75,-59.01
-40,-59
-38.99,-57.71
-39.04,-57.42
-39.06,-57.72
-39.96,-56.8
-38.98,-57.82
-39.03,-57.55
-38.98,-57.9
-39,-57.84
-39.03,-57.54
-39,-57.9
-39.93,-58.73
-39.1,-57.78
-38.83,-57.45
-39.17,-57.79
-38.92,-57.65
-38.82,-57.4
-38.94,-57.69
-38.81,-57.42
-38.7,-57.29
-38.91,-57.64
-38.9,-57.34
-38.78,-57
-38.98,-57.82
-38.79,-57.56
-38.67,-57.21
-38.88,-57.36
-38.7,-57
-39.07,-58.05
-38.97,-57.77
-39.02,-57.64
-39.38,-58.44
-39.4,-58.67
-39.38,-58.4
-39.14,-57.99
-39.18,-57.85
-39.22,-58.14
-39.33,-58.72
-39.34,-58.43
-39.36,-58.67
-39.27,-58.38
-39.22,-58.11
-39.31,-58.39
-39.35,-58.38
-39.36,-58.6
-39.37,-58.31
-39.28,-58.37
-39.21,-58.09
-39.31,-58.32
-39.67,-57.76
-39.88,-57.79
-39.27,-58.87
-39.34,-58.31
-39.34,-57.98
-39.4,-57.68
-39.52,-58.03
-39.38,-58.88
-38.9,-57.5
-38.73,-57.39
-38.9,-57.46
-39.43,-58.65
-39.45,-58.74
-38.82,-57.51
-38.64,-57.38
-38.79,-57.5
-38.8,-57.51
-38.66,-57.48
-38.64,-57.32
-39.94,-57.51
-39.87,-55.1
-39.87,-55.07
-39.83,-54.95
-39.86,-54.89
-39.82,-54.87
-39.89,-56.87
-38.82,-54.84
-39.83,-54.88
-39.83,-54.93
-39.84,-54.92
-39.78,-55.98
-39.8,-56.86
-39.73,-56.95
-39.49,-54.72
-39.47,-54.82
-39.5,-54.69
-39.5,-54.67
-39.4,-54.8
-39.41,-54.78
-39.51,-54.66
-39.53,-54.63
-39.64,-56.95
-39.64,-56.96
-39.89,-56.86
-39.99,-56.54
-39.42,-54.77
-39.43,-54.75
-39.37,-54.82
-39.78,-56
-39.58,-55.88
-39.77,-56
-39.78,-56
-39.61,-55.88
-39.8,-55.98
-39.9,-56.49
-39.88,-56.22
-37.96,-54.08
-37.87,-54.06
-39.8,-56
-39.67,-55.93
-39.48,-55.83
-39.81,-56
-39.67,-55.92
-39.51,-55.84
-39.89,-56.25
-37.89,-54.2
-39.62,-56.42
-39.58,-56.09
-39.45,-55.83
-39.34,-55.85
-39.14,-55.77
-38.97,-55.67
-39.3,-55.82
-39.1,-55.74
-38.93,-55.58
-39.31,-55.79
-39.07,-55.67
-38.82,-55.53
-39.52,-55.89
-39.31,-55.8
-39.2,-55.76
-39.88,-56.31
-39.21,-56.18
-39.54,-55.92
-39.39,-55.87
-39.55,-55.94
-39.84,-56.28
-39.63,-56.16
-39.47,-56.92
-39.56,-56
-39.47,-55.88
-39.58,-55.85
-39.78,-56.07
-39.6,-56
-39.5,-55.98
-39.66,-56.01
-39.92,-57.44
-39.5,-55.92
-39.41,-55.86
-39.58,-55.9
-39.51,-55.91
-39.31,-55.79
-39.11,-55.65
-39.5,-55.91
-39.32,-55.78
-39.46,-55.82
-39.54,-56.03
-39.54,-56.09
-39.26,-55.93
-38.97,-55.81
-38.76,-55.71
-38.58,-55.69
-39.8,-56.02
-39.63,-55.9
-38.71,-55.61
-38.65,-55.6
-38.32,-55.59
-39.88,-56.04
-39.78,-55.96
-38.72,-55.61
-38.49,-55.58
-38.31,-55.6
-38.6,-55.71
-38.36,-55.02
-38.06,-55.3
-38.62,-55.72
-38.39,-55.65
-38.15,-55.57
-39.5,-55.84
-39.27,-55.69
-39,-55.56
-39.32,-55.88
-39.08,-55.72
-38.89,-55.77
-39,-55.83
-38.8,-55.74
-38.67,-55.67
-39,-55.85
-38.86,-55.74
-38.94,-55.76
-39.42,-55.96
-39.19,-55.86
-38.95,-55.8
-39.42,-55.95
-39.22,-55.85
-38.97,-55.8
-39.49,-55.99
-39.37,-55.97
-39.56,-55.88
-39.49,-55.99
-39.36,-56.05
-39.56,-56.18
-39.55,-55.92
-39.46,-55.89
-39.55,-55.86
-39.92,-56.79
-39.52,-55.98
-39.47,-55.91
-39.53,-56.85
-39.55,-55.91
-39.36,-55.79
-39.54,-55.87
-39.53,-55.9
-39.34,-55.79
-39.53,-55.85
-39.52,-55.9
-39.36,-55.79
-39.56,-55.92
-39.53,-55.9
-39.34,-55.77
-39.53,-55.85
-39.35,-55.83
-38.93,-55.93
-39.33,-55.82
-39.17,-55.77
-39.35,-55.85
-39.48,-55.88
-39.28,-55.76
-39.1,-55.66
-37.84,-55.67
-37.68,-55.95
-37.58,-54.89
-38,-55.44
-37.81,-55.21
-37.69,-55.03
-37.94,-55.27
-37.77,-55.13
-37.64,-54.96
-37.9,-55.32
-37.76,-55.13
-37.64,-54.94
-37.87,-55.18
-37.72,-55.01
-37.84,-55.11
-37.87,-55.16
-37.71,-55
-37.83,-55.09
-37.64,-54.93
-37.77,-55.1
-37.58,-54.94
-37.96,-55.21
-37.76,-55.05
-37.57,-54.86
-39.61,-55.88
-39.8,-56.03
-37.75,-55.04
-37.59,-54.88
-37.45,-54.71
-37.7,-54.98
-37.52,-54.78
-37.4,-54.63
-37.55,-54.84
-37.41,-54.69
-37.59,-54.89
-39.31,-55.8
-39.11,-55.7
-38.93,-55.59
-39.39,-55.84
-39.21,-55.74
-39.39,-55.78
-39.46,-55.89
-39.34,-55.79
-39.52,-55.88
-38.94,-55.61
-38.74,-55.51
-38.47,-55.42
-39.55,-56.04
-39.39,-55.97
-39.25,-55.93
-39.31,-56.05
-39.56,-56.07
-39.38,-55.98
-39.15,-55.86
-39.63,-57.17
-39.74,-57.16
-39.41,-55.99
-39.19,-55.86
-38.95,-55.71
-39.56,-56.07
-39.35,-55.98
-39.1,-55.89
-39.57,-56.07
-39.34,-55.98
-39.11,-55.88
-39.87,-56.22
-39.89,-56.66
-39.86,-56.65
-39.99,-56.63
-39.8,-56.66
-39.93,-56.72
-39.93,-56.19
-39.76,-56.1
-39.91,-56.2
-39.91,-56.69
-39.87,-56.27
-39.97,-56.3
-39.84,-56.16
-39.7,-56.13
-39.5,-56.05
-39.83,-56.28
-39.93,-56.48
-40,-56.27
-39.83,-56.1
-39.62,-55.92
-39.95,-56.28
-39.77,-56.13
-39.62,-56.02
-39.48,-55.93
-39.8,-56.07
-39.99,-56.18
-39.81,-56.04
-39.69,-55.97
-39.97,-56.23
-39.78,-56.1
-39.78,-56.1
-39.97,-56.18
-39.75,-56.02
-39.6,-55.9
-39.98,-56.18
-39.79,-55.99
-39.52,-55.88
-39.45,-55.93
-39.64,-56.07
-39.93,-56.2
-39.75,-56.08
-39.57,-55.92
-39.99,-56.16
-39.91,-56.09
-39.95,-56.17
-39.77,-56.05
-39.57,-56.9
-37.97,-55.37
-37.77,-55.22
-37.55,-55.02
-38,-55.38
-37.8,-55.22
-37.63,-55.02
-39.78,-56.02
-37.8,-55.22
-37.57,-55.05
-37.37,-54.87
-37.83,-55.2
-37.63,-54.98
-37.45,-54.78
-37.97,-55.28
-37.97,-55.25
-37.77,-55.13
-37.57,-54.92
-38.62,-55.52
-38.4,-55.42
-38.18,-55.33
-39.54,-55.87
-39.31,-55.79
-39.11,-55.71
-37.63,-54.93
-37.45,-54.73
-37.3,-54.58
-39.3,-55.82
-39.16,-55.71
-38.94,-55.59
-39.27,-55.88
-39.1,-55.78
-38.95,-55.7
-37.7,-55
-37.53,-54.87
-37.53,-54.93
-37.72,-55
-39.16,-55.74
-38.99,-55.64
-38.84,-55.56
-39.15,-55.75
-38.93,-55.65
-38.82,-55.58
-37.62,-54.92
-37.45,-54.73
-37.47,-54.8
-39.13,-55.72
-38.93,-55.6
-38.8,-55.51
-39.15,-55.77
-38.93,-55.63
-38.78,-55.55
-39.12,-55.72
-38.98,-55.6
-39.13,-55.67
-38.98,-56.54
-39.07,-56.43
-39.16,-56.33
-39.18,-55.74
-39.05,-55.67
-39.22,-55.76
-39.17,-55.77
-38.95,-55.58
-38.77,-55.52
-38.7,-55.53
-38.92,-55.6
-38.7,-55.47
-39.61,-56.35
-39.75,-56.35
-39.89,-56.35
-39.2,-55.76
-39.43,-55.85
-39.56,-55.9
-39.4,-55.75
-39.43,-55.85
-39.55,-55.76
-39.57,-56.22
-39.47,-56.03
-39.55,-56.28
-39.57,-56.23
-39.62,-56.08
-39.47,-56.2
-38.99,-55.83
-38.88,-55.77
-38.75,-55.7
-39.53,-55.9
-39.36,-55.79
-39.18,-55.69
-39.52,-55.88
-39.35,-55.78
-39.24,-55.68
-38.4,-56.93
-38.23,-56.73
-39.25,-55.77
-38.78,-55.74
-38.65,-55.67
-38.51,-55.61
-39.53,-55.86
-39.31,-55.75
-39.07,-55.63
-39.35,-55.77
-39.12,-55.66
-38.89,-55.54
-39.26,-55.69
-39.26,-55.7
-39.04,-55.6
-38.92,-55.6
-38.68,-55.48
-39.9,-57.38
-38.82,-55.5
-39.29,-55.71
-39.07,-55.61
-38.85,-55.5
-39.86,-57.32
-39.59,-59.03
-39.78,-59.09
-37.82,-56.59
-37.7,-56.48
-37.58,-56.39
-37.5,-56.34
-37.71,-56.51
-37.58,-56.4
-37.47,-56.28
-37.68,-56.5
-37.56,-56.4
-37.56,-56.45
-38.21,-56.96
-38.25,-57.04
-38.3,-57.11
-38.38,-57.27
-38.36,-57.27
-38.45,-57.42
-38.54,-57.57
-38.43,-57.41
-38.33,-57.25
-38.33,-57.27
-38.43,-57.48
-38.34,-57.31
-38.25,-57.16
-38.54,-57.7
-38.46,-57.53
-38.37,-57.39
-39.97,-59.21
-38.67,-57.99
-38.6,-57.81
-38.53,-57.65
-38.45,-57.52
-38.53,-57.67
-38.6,-57.84
-38.34,-57.3
-38.43,-57.46
-38.52,-57.6
-38.42,-57.4
-38.51,-57.54
-38.57,-57.65
-38.6,-57.65
-38.42,-57.37
-38.49,-57.53
-38.56,-57.68
-38.75,-58.14
-38.67,-57.97
-38.61,-57.8
-38.77,-58.16
-38.69,-57.98
-38.63,-57.81
-38.74,-58.05
-38.81,-58.22
-38.88,-58.38
-38.85,-58.28
-38.75,-58.11
-38.82,-58.28
-38.87,-58.34
-38.8,-58.19
-38.63,-57.78
-38.72,-57.96
-38.8,-58.13
-38.5,-57.51
-38.59,-57.68
-38.68,-57.85
-39.93,-59.02
-38.48,-57.47
-38.56,-57.65
-38.64,-57.82
-39.9,-59.28
-38.44,-57.37
-38.48,-57.46
-38.58,-57.62
-38.35,-57.22
-38.45,-57.37
-38.55,-57.53
-38.21,-56.97
-38.31,-57.13
-38.41,-57.29
-38.55,-57.61
-38.63,-57.79
-38.71,-57.96
-38.71,-57.92
-38.63,-57.76
-38.55,-57.6
-38.86,-58.25
-38.71,-57.89
-38.78,-58.07
-39.1,-58.66
-39.17,-58.85
-39.22,-59.03
-38.88,-58.35
-38.8,-58.19
-38.75,-58.09
-38.73,-58.05
-38.66,-57.9
-38.59,-57.73
-38.69,-57.98
-38.61,-57.81
-38.58,-57.66
-38.62,-58.76
-38.71,-57.94
-38.78,-58.11
-38.62,-57.69
-38.54,-57.52
-38.45,-57.36
-38.71,-57.97
-38.64,-57.8
-38.56,-57.63
-39.13,-58.76
-39.19,-58.95
-39.26,-59.13
-39.27,-59.13
-39.18,-58.95
-39.24,-59.13
-39.36,-59.49
-39.28,-59.3
-39.23,-59.11
-38.86,-58.3
-38.79,-58.13
-38.71,-57.95
-39.17,-58.81
-39.22,-58.98
-39.28,-59.17
-39.3,-59.34
-39.25,-59.15
-39.35,-59.46
-39.27,-59.29
-39.23,-59.09
-39.34,-59.38
-39.28,-59.2
-38.89,-58.44
-38.85,-58.25
-38.79,-58.07
-38.85,-58.28
-38.8,-58.07
-38.86,-58.26
-38.86,-58.33
-38.8,-58.14
-38.82,-58.26
-38.67,-57.89
-38.74,-58.06
-38.8,-58.25
-38.57,-57.66
-38.64,-57.83
-38.7,-58.01
-38.46,-57.44
-38.54,-57.62
-38.6,-57.79
-38.75,-58.19
-38.68,-58.02
-38.61,-57.84
-39.15,-58.93
-39.2,-59.12
-39.26,-59.22
-39.24,-59.2
-39.18,-59.01
-39.13,-58.82
-39.33,-59.36
-39.27,-59.18
-39.21,-58.99
-39.34,-59.36
-39.29,-59.18
-39.6,-59.37
-39.74,-59.47
-39.97,-58.56
-39.32,-57.41
-38.77,-58.09
-38.71,-57.94
-38.64,-57.78
-35.37,-53.8
-39.72,-57.88
-39.83,-57.9
-39.98,-57.9
-35.63,-54.35
-38.98,-58.99
-39.05,-59.21
-39.09,-59.44
-37.28,-56.47
-37.47,-56.8
-39.19,-59.32
-39.11,-59.16
-39.14,-59.38
-38.9,-59.5
-38.87,-59.44
-38.91,-59.3
-38.91,-59.43
-39.31,-59.29
-39.39,-59.46
-39.39,-59.46
-39.32,-59.28
-39.25,-59.1
-39.4,-59.46
-39.33,-59.28
-39.4,-59.42
-39.31,-59.21
-39.38,-59.37
-39.37,-59.38
-39.31,-59.2
-39.39,-59.35
-39.39,-59.4
-39.32,-59.19
-39.4,-59.35
-39.37,-59.49
-39.3,-59.32
-39.32,-59.16
-39.4,-59.32
-39.48,-59.5
-39.67,-59.37
-39.79,-59.47
-39.38,-59.5
-39.31,-59.33
-39.24,-59.16
-39.33,-59.45
-39.26,-59.27
-39.2,-59.1
-39.41,-59.48
-39.33,-59.3
-39.26,-59.12
-39.95,-57.38
-39.8,-56.25
-39.94,-56.3
-39.73,-56.24
-39.88,-56.27
-39.73,-56.2
-39.88,-56.26
-39.74,-56.18
-39.87,-56.22
-38.99,-55.85
-38.87,-55.78
-38.74,-55.71
-39.61,-56.22
-39.75,-56.23
-39.88,-56.29
-39.89,-56.26
-37.27,-56.2
-37.09,-56
-39.45,-56.43
-39.97,-56.25
-39.89,-56.26
-39.78,-56.19
-39.92,-56.26
-35.95,-54.58
-35.86,-54.37
-35.93,-54.55
-35.85,-54.31
-35.69,-54.09
-39.89,-56.23
-35.52,-54.96
-35.67,-54.09
-35.51,-53.96
-35.65,-54.09
-35.5,-53.95
-35.6,-53.83
-39.97,-56.32
-35.65,-54.08
-39.94,-56.33
-39.93,-56.35
-39.84,-56.21
-39.12,-59.04
-39.31,-59.06
-39.33,-59.15
-39.53,-59.27
-39.91,-56.27
-39.79,-56.17
-39.69,-56.17
-39.8,-56.45
-39.96,-56.78
-39.89,-56.63
-39.98,-56.65
-39.92,-56.76
-40,-56.91
-39.91,-56.97
-39.99,-57.12
-39.94,-56.31
-39.83,-56.2
-39.67,-55.88
-39.87,-55.99
-39.68,-55.88
-38.88,-58.03
-38.55,-57.5
-39.91,-56.85
-39.92,-56.86
-39.92,-56.88
-39.9,-57.02
-39.82,-56.83
-39.72,-56.86
-39.84,-56.84
-39.81,-56.68
-39.82,-56.96
-39.91,-57.12
-39.92,-57.22
-39.97,-57.37
-39.96,-57.38
-39.87,-56.23
-39.73,-56.18
-39.67,-56.19
-39.53,-56.1
-39.39,-56.02
-39.96,-56.91
-39.94,-56.32
-39.8,-56.23
-39.94,-56.34
-39.8,-56.24
-39.66,-56.19
-39.87,-56.31
-39.74,-56.23
-39.92,-56.36
-39.78,-56.27
-39.75,-59.08
-39.91,-56.37
-39.78,-56.28
-39.98,-56.33
-39.85,-56.24
-39.87,-56.36
-39.87,-56.4
-39.75,-56.29
-39.97,-56.49
-39.83,-56.37
-39.7,-56.27
-39.93,-56.48
-39.81,-56.38
-39.69,-56.28
-39.98,-56.58
-39.86,-56.46
-39.74,-56.35
-39.53,-56.17
-39.68,-56.19
-39.81,-56.26
-39.83,-56.65
-39.91,-56.76
-39.99,-56.89
-39.93,-57.35
-39.81,-57.24
-39.91,-57.36
-39.79,-57.25
-39.22,-57.97
-39.86,-56.99
-39.99,-56.99
-37.45,-56.28
-37.47,-56.27
-35.9,-54.45
-35.79,-54.26
-35.63,-54.06
-35.49,-53.87
-39.41,-55.82
-39.53,-55.91
-39.37,-55.81
-39.52,-55.91
-36.58,-56.1
-36.48,-56.03
-34.95,-52.7
-34.8,-52.58
-34.68,-52.49
-34.68,-52.56
-34.78,-52.66
-34.99,-52.73
-39.53,-55.89
-39.27,-55.75
-39.29,-55.77
-35.18,-52.95
-39.38,-55.85
-39.16,-55.75
-38.93,-55.63
-39.1,-55.71
-38.86,-55.59
-38.63,-55.47
-38.88,-55.58
-38.66,-55.47
-38.41,-55.47
-39.14,-55.7
-38.92,-55.59
-38.69,-55.48
-38.3,-55.14
-38.07,-55.27
-37.85,-55.14
-38.33,-55.37
-38.14,-55.3
-37.91,-55.19
-38.28,-55.35
-38.08,-55.11
-37.87,-55.16
-38.19,-55.32
-37.97,-55.21
-37.89,-55.13
-37.68,-54.94
-37.93,-55.16
-37.76,-55.02
-37.6,-54.88
-37.94,-55.17
-37.73,-55.08
-38.35,-55.92
-38.16,-55.65
-38.02,-55.43
-39.53,-55.87
-39.3,-55.73
-39.11,-55.65
-37.92,-55.16
-37.76,-55.02
-37.62,-54.87
-37.9,-55.15
-37.75,-55.02
-37.62,-54.88
-37.9,-55.14
-37.76,-55.03
-37.61,-54.87
-37.91,-55.15
-37.74,-55
-37.58,-54.86
-37.72,-54.99
-37.56,-54.81
-37.42,-54.65
-37.67,-54.93
-37.57,-54.78
-37.39,-54.61
-39.75,-57.15
-39.87,-57.18
-39.98,-57.2
-38.99,-55.56
-38.81,-55.45
-38.62,-55.39
-39.97,-57.22
-39.82,-57.18
-38.99,-55.56
-38.81,-55.45
-38.63,-55.4
-39.97,-57.23
-39.82,-57.2
-39,-55.51
-38.83,-55.39
-38.66,-55.32
-39.95,-57.25
-38.93,-55.47
-38.78,-55.36
-38.62,-55.31
-38.92,-55.47
-38.77,-55.37
-38.6,-55.3
-38.93,-55.48
-38.77,-55.36
-38.59,-55.28
-38.8,-55.4
-38.67,-55.32
-38.42,-55.28
-38.82,-55.4
-38.67,-55.32
-38.49,-55.28
-39.93,-57.32
-38.93,-55.48
-38.77,-55.37
-38.62,-55.32
-38.94,-55.48
-38.78,-55.37
-39.98,-57.37
-39.83,-57.35
-38.98,-55.5
-38.82,-55.4
-38.63,-55.33
-38.92,-55.47
-38.77,-55.37
-38.6,-55.3
-39.98,-56.38
-39.87,-56.38
-39.35,-54.83
-39.32,-54.85
-39.48,-54.73
-39.5,-54.7
-39.85,-56.37
-39.97,-56.33
-36.32,-52.75
-36.38,-52.83
-34.98,-52.69
-34.77,-52.55
-34.58,-52.42
-34.58,-52.67
-34.92,-53.6
-34.98,-53.82
-35.1,-54.03
-35.1,-54.25
-35.27,-54.07
-35.38,-54.72
-35.5,-54.53
-35.4,-54.7
-35.57,-54.88
-37.88,-55.13
-37.75,-55.02
-37.65,-54.92
-37.95,-54.08
-37.83,-53.98
-37.88,-54.03
-37.88,-54.03
-38.92,-55.48
-38.77,-55.37
-38.58,-55.3
-38,-54.08
-35.6,-55.07
-35.47,-54.87
-35.33,-54.68
-38.9,-55.45
-38.77,-55.37
-38.6,-55.32
-36.55,-52.95
-36.38,-52.83
-36.38,-52.85
-36.53,-52.97
-35.42,-54.75
-35.53,-54.93
-35.42,-54.75
-36.53,-52.82
-36.4,-52.85
-36.53,-52.98
-36.38,-52.83
-36.63,-53.35
-36.53,-52.95
-36.38,-52.82
-36.52,-53
-36.52,-53.02
-39.98,-57.08
-39.8,-57.08
-39.95,-57.07
-39.73,-55.78
-39.77,-55.73
-39.8,-55.73
-39.8,-55.7
-39.77,-57.07
-39.92,-57.05
-39.8,-56.13
-39.98,-56.27
-39.8,-56.13
-39.75,-57.05
-39.9,-57
-39.77,-56.95
-39.73,-56.03
-39.9,-57.15
-39.75,-57.15
-39.65,-57.18
-39.93,-57.15
-39.95,-57.17
-39.98,-57.13
-38.91,-55.45
-38.79,-55.35
-38.96,-55.45
-38.92,-55.46
-38.79,-55.35
-38.94,-55.44
-38.94,-55.45
-38.77,-55.32
-39.84,-56.74
-39.97,-56.79
-39.92,-56.74
-39.94,-56.81
-39.75,-56.78
-39.89,-56.82
-38.95,-55.46
-38.79,-55.33
-38.95,-55.47
-39.88,-56.84
-38.96,-55.47
-38.79,-55.47
-38.62,-55.29
-39.99,-56.9
-38.48,-55.33
-38.32,-55.3
-38.55,-55.27
-38.97,-55.45
-38.78,-55.32
-38.63,-55.22
-37.65,-54.9
-37.48,-54.72
-37.37,-54.62
-37.83,-55.1
-37.6,-54.87
-39.85,-55.97
-39.72,-55.97
-38.97,-55.45
-38.82,-55.3
-38.97,-55.47
-39.97,-56.84
-37.55,-54.78
-37.55,-54.8
-37.82,-55.1
-37.7,-54.95
-37.88,-55.12
-39.68,-55.83
-39.9,-56.12
-39.96,-56.79
-39.93,-56.75
-39.85,-56.61
-39.94,-56.6
-39.84,-56.44
-39.79,-56.28
-39.81,-56.31
-39.88,-56.25
-39.95,-56.34
-39.96,-56.91
-39.72,-54.98
-39.75,-54.93
-39.65,-54.9
-39.65,-54.75
-39.6,-54.7
-39.98,-57.24
-39.99,-57.27
-40,-57.16
-35.6,-56.5
-35.69,-56.63
-35.62,-56.51
-35.66,-56.64
-35.64,-56.49
-35.67,-56.58
-35.58,-56.43
-39.33,-59.35
-39.27,-59.17
-39.2,-59.01
-39.4,-59.49
-39.34,-59.34
-39.28,-59.17
-39.38,-59.38
-39.37,-59.4
-39.32,-59.23
-39.26,-59.09
-39.3,-59.24
-39.36,-59.42
-39.38,-59.41
-39.35,-59.17
-39.4,-59.35
-39.39,-59.36
-39.97,-56.94
-39.93,-56.74
-39.92,-56.55
-39.71,-56.24
-39.56,-56.18
-39.43,-56.12
-37.47,-56.33
-37.58,-56.33
-37.7,-56.55
-37.25,-56.08
-37.37,-56.18
-37.43,-56.23
-37.18,-55.98
-37.28,-56.13
-37.38,-56.23
-37.27,-56.13
-37.18,-56
-37.1,-55.83
-37.18,-56.03
-37.12,-55.87
-37.05,-55.77
-38.13,-56.95
-38.25,-57.13
-38.57,-57.67
-38.63,-57.83
-38.7,-58
-39.17,-58.93
-39.23,-59.1
-39.3,-59.27
-39.3,-59.32
-39.23,-59.13
-39.17,-58.97
-39.37,-59.45
-39.28,-59.28
-39.22,-59.12
-39.27,-59.15
-39.33,-59.32
-39.27,-59.15
-39.28,-59.13
-39.35,-59.32
-39.47,-58.43
-39.28,-59.15
-39.35,-59.3
-39.45,-59.42
-39.27,-59.08
-39.35,-59.27
-39.32,-59.25
-39.27,-59.08
-39.35,-59.22
-39.35,-59.22
-39.3,-59.03
-39.35,-59.18
-39.35,-59.43
-39.28,-59.27
-39.28,-59.27
-39.37,-59.43
-39.3,-59.27
-39.32,-59.27
-39.4,-59.45
-37.57,-53.78
-37.63,-53.67
-37.58,-53.62
-37.17,-53.45
-37.15,-53.53
-37.13,-53.58
-37.13,-53.63
-37.13,-54.05
-38,-54.1
-37.88,-54.02
-37.88,-54.2
-37.98,-54.1
-37.98,-54.08
-37.9,-54.17
-37.93,-54.13
-38.02,-54.08
-38.02,-54.05
-37.92,-54.15
-38,-54.1
-37.9,-54.18
-37.88,-54.2
-38,-54.1
-38,-54.12
-37.57,-53.65
-37.57,-53.65
-37.57,-53.68
-37.58,-53.32
-36.38,-52.85
-37.57,-53.67
-37.57,-53.65
-37.58,-53.65
-37.55,-53.58
-37.55,-53.57
-37.58,-53.67
-37.58,-53.65
-37.6,-53.63
-39.45,-59.37
-39.37,-59.2
-39.3,-59.03
-37.55,-53.58
-38.87,-58.38
-38.78,-58.22
-38.68,-58.63
-39.37,-54.63
-39.35,-54.5
-36.1,-56.07
-38.75,-58.15
-38.83,-58.3
-38.85,-58.23
-35.77,-55.62
-35.78,-55.55
-38.58,-57.77
-38.52,-57.58
-38.43,-57.42
-35.88,-55.57
-35.82,-55.57
-38.63,-57.83
-38.55,-57.68
-38.52,-57.67
-35.85,-55.28
-39.92,-57.57
-36,-55.42
-35.77,-55.17
-35.95,-55.33
-39,-56.6
-37.75,-56.58
-37.62,-56.48
-37.5,-56.37
-37.42,-56.27
-37.28,-56.13
-37.2,-56
-37.9,-55.63
-38,-55.6
-38.12,-55.65
-38.43,-55.65
-38.57,-55.65
-38.7,-55.7
-38.55,-55.62
-38.57,-55.62
-38.7,-55.65
-38.37,-55.6
-38.5,-55.58
-38.65,-55.6
-38.35,-55.6
-38.48,-55.57
-38.33,-55.55
-38.35,-55.62
-38.5,-55.63
-38.37,-55.65
-39.95,-59.16
