SAN ARAWA II		11/13/2022	156	4		Dissostichus eleginoides		7218280201	1	2	5463.4	149	150	1	964.00	10.000	149000000000000	150000000000001	0	0	0	0	0	0	0	0	0	0	0	0	0	0	0	0	0	0	0	0	0	0	0	0	0	0	0	0	0	0	0	0	0	0	0	0	0	0	0	0	0	0	0	0	0	0	0	0	0	0	0	0	0	0	0	0	0	0
SAN ARAWA II		11/13/2022	156	6		Dissostichus eleginoides		7218280201	1	2	5462.3	145	201	1	2414.00	10.000	145000000000000	146000000000001	147000000000001	148000000000002	149000000000001	150000000000003	151000000000000	152000000000000	153000000000001	154000000000000	155000000000001	156000000000001	157000000000000	158000000000000	159000000000001	160000000000000	161000000000000	162000000000000	163000000000000	164000000000001	165000000000000	166000000000000	167000000000000	168000000000001	169000000000000	170000000000000	171000000000000	172000000000000	173000000000000	174000000000000	175000000000000	176000000000000	177000000000000	178000000000000	179000000000000	180000000000000	181000000000000	182000000000000	183000000000000	184000000000000	185000000000001	186000000000000	187000000000000	188000000000000	189000000000000	190000000000000	191000000000000	192000000000000	193000000000000	194000000000000	195000000000000	196000000000000	197000000000000	198000000000000	199000000000000	200000000000000	201000000000001	0	0	0
SAN ARAWA II		11/13/2022	156	7		Dissostichus eleginoides		7218280201	1	2	5463.4	152	160	1	3947.00	10.000	152000000000002	153000000000002	154000000000000	155000000000000	156000000000000	157000000000001	158000000000001	159000000000000	160000000000001	0	0	0	0	0	0	0	0	0	0	0	0	0	0	0	0	0	0	0	0	0	0	0	0	0	0	0	0	0	0	0	0	0	0	0	0	0	0	0	0	0	0	0	0	0	0	0	0	0	0	0
SAN ARAWA II		11/14/2022	156	10		Dissostichus eleginoides		7218280201	1	2	5462.4	164	167	1	1312.00	10.000	164000000000000	165000000000000	166000000000000	167000000000001	0	0	0	0	0	0	0	0	0	0	0	0	0	0	0	0	0	0	0	0	0	0	0	0	0	0	0	0	0	0	0	0	0	0	0	0	0	0	0	0	0	0	0	0	0	0	0	0	0	0	0	0	0	0	0	0
SAN ARAWA II		11/14/2022	156	12		Dissostichus eleginoides		7218280201	1	2	5461.3	146	152	1	1383.00	10.000	146000000000001	147000000000000	148000000000000	149000000000000	150000000000000	151000000000000	152000000000001	0	0	0	0	0	0	0	0	0	0	0	0	0	0	0	0	0	0	0	0	0	0	0	0	0	0	0	0	0	0	0	0	0	0	0	0	0	0	0	0	0	0	0	0	0	0	0	0	0	0	0	0	0
SAN ARAWA II		11/14/2022	156	15		Dissostichus eleginoides		7218280201	1	2	5462.3	150	152	1	9293.00	10.000	150000000000000	151000000000000	152000000000001	0	0	0	0	0	0	0	0	0	0	0	0	0	0	0	0	0	0	0	0	0	0	0	0	0	0	0	0	0	0	0	0	0	0	0	0	0	0	0	0	0	0	0	0	0	0	0	0	0	0	0	0	0	0	0	0	0
SAN ARAWA II		11/15/2022	156	16		Dissostichus eleginoides		7218280201	1	2	5463.4	152	184	1	1518.00	10.000	152000000000000	153000000000000	154000000000000	155000000000000	156000000000000	157000000000000	158000000000000	159000000000000	160000000000000	161000000000000	162000000000000	163000000000000	164000000000000	165000000000000	166000000000000	167000000000000	168000000000000	169000000000000	170000000000000	171000000000000	172000000000000	173000000000000	174000000000000	175000000000000	176000000000000	177000000000000	178000000000000	179000000000000	180000000000000	181000000000000	182000000000000	183000000000000	184000000000001	0	0	0	0	0	0	0	0	0	0	0	0	0	0	0	0	0	0	0	0	0	0	0	0	0	0	0
SAN ARAWA II		11/16/2022	156	22		Dissostichus eleginoides		7218280201	1	2	5463.4	155	174	1	406.81	10.000	155000000000000	156000000000000	157000000000000	158000000000000	159000000000000	160000000000001	161000000000000	162000000000000	163000000000000	164000000000000	165000000000000	166000000000000	167000000000000	168000000000000	169000000000000	170000000000000	171000000000000	172000000000000	173000000000000	174000000000001	0	0	0	0	0	0	0	0	0	0	0	0	0	0	0	0	0	0	0	0	0	0	0	0	0	0	0	0	0	0	0	0	0	0	0	0	0	0	0	0
SAN ARAWA II		11/17/2022	156	31		Dissostichus eleginoides		7218280201	1	2	5463.4	152	170	1	356.51	10.000	152000000000000	153000000000000	154000000000000	155000000000001	156000000000000	157000000000000	158000000000000	159000000000000	160000000000000	161000000000000	162000000000000	163000000000000	164000000000000	165000000000000	166000000000000	167000000000000	168000000000000	169000000000000	170000000000001	0	0	0	0	0	0	0	0	0	0	0	0	0	0	0	0	0	0	0	0	0	0	0	0	0	0	0	0	0	0	0	0	0	0	0	0	0	0	0	0	0
SAN ARAWA II		11/18/2022	156	34		Dissostichus eleginoides		7218280201	1	2	5462.3	157	175	1	1043.86	10.000	157000000000000	158000000000000	159000000000000	160000000000000	161000000000000	162000000000000	163000000000000	164000000000000	165000000000000	166000000000000	167000000000002	168000000000000	169000000000000	170000000000000	171000000000000	172000000000000	173000000000000	174000000000000	175000000000001	0	0	0	0	0	0	0	0	0	0	0	0	0	0	0	0	0	0	0	0	0	0	0	0	0	0	0	0	0	0	0	0	0	0	0	0	0	0	0	0	0
SAN ARAWA II		11/19/2022	156	41		Dissostichus eleginoides		7218280201	1	2	5462.3	160	205	1	2584.79	10.000	160000000000000	161000000000000	162000000000000	163000000000000	164000000000000	165000000000000	166000000000000	167000000000000	168000000000000	169000000000000	170000000000000	171000000000000	172000000000001	173000000000001	174000000000000	175000000000000	176000000000000	177000000000000	178000000000000	179000000000000	180000000000000	181000000000000	182000000000000	183000000000000	184000000000000	185000000000000	186000000000000	187000000000000	188000000000000	189000000000000	190000000000000	191000000000000	192000000000000	193000000000000	194000000000000	195000000000000	196000000000000	197000000000000	198000000000000	199000000000000	200000000000000	201000000000000	202000000000000	203000000000000	204000000000000	205000000000001	0	0	0	0	0	0	0	0	0	0	0	0	0	0
SAN ARAWA II		11/20/2022	156	43		Dissostichus eleginoides		7218280201	1	2	5462.3	170	188	1	2749.68	10.000	170000000000000	171000000000000	172000000000000	173000000000001	174000000000000	175000000000000	176000000000000	177000000000000	178000000000000	179000000000000	180000000000000	181000000000000	182000000000000	183000000000000	184000000000000	185000000000000	186000000000000	187000000000000	188000000000001	0	0	0	0	0	0	0	0	0	0	0	0	0	0	0	0	0	0	0	0	0	0	0	0	0	0	0	0	0	0	0	0	0	0	0	0	0	0	0	0	0
SAN ARAWA II		11/20/2022	156	44		Dissostichus eleginoides		7218280201	1	2	5462.3	149	204	1	2584.79	10.000	149000000000001	150000000000001	151000000000001	152000000000001	153000000000002	154000000000000	155000000000001	156000000000001	157000000000001	158000000000001	159000000000000	160000000000000	161000000000000	162000000000003	163000000000000	164000000000000	165000000000000	166000000000000	167000000000000	168000000000000	169000000000001	170000000000000	171000000000000	172000000000000	173000000000000	174000000000000	175000000000001	176000000000000	177000000000000	178000000000001	179000000000000	180000000000000	181000000000001	182000000000000	183000000000001	184000000000000	185000000000001	186000000000000	187000000000000	188000000000000	189000000000000	190000000000000	191000000000000	192000000000000	193000000000000	194000000000000	195000000000000	196000000000000	197000000000000	198000000000000	199000000000000	200000000000000	201000000000000	202000000000000	203000000000000	204000000000001	0	0	0	0
SAN ARAWA II		11/20/2022	156	46		Dissostichus eleginoides		7218280201	1	2	5462.3	152	178	1	1722.25	10.000	152000000000000	153000000000001	154000000000000	155000000000000	156000000000000	157000000000000	158000000000000	159000000000000	160000000000000	161000000000001	162000000000000	163000000000000	164000000000000	165000000000000	166000000000000	167000000000000	168000000000000	169000000000000	170000000000000	171000000000000	172000000000000	173000000000000	174000000000000	175000000000000	176000000000000	177000000000000	178000000000001	0	0	0	0	0	0	0	0	0	0	0	0	0	0	0	0	0	0	0	0	0	0	0	0	0	0	0	0	0	0	0	0	0
SAN ARAWA II		11/20/2022	156	47		Dissostichus eleginoides		7218280201	1	2	5462.3	164	172	1	1826.51	10.000	164000000000000	165000000000000	166000000000000	167000000000000	168000000000000	169000000000000	170000000000000	171000000000000	172000000000001	0	0	0	0	0	0	0	0	0	0	0	0	0	0	0	0	0	0	0	0	0	0	0	0	0	0	0	0	0	0	0	0	0	0	0	0	0	0	0	0	0	0	0	0	0	0	0	0	0	0	0
SAN ARAWA II		11/21/2022	156	49		Dissostichus eleginoides		7218280201	1	2	5462.3	152	185	1	543.18	10.000	152000000000000	153000000000000	154000000000000	155000000000000	156000000000001	157000000000000	158000000000000	159000000000000	160000000000000	161000000000000	162000000000000	163000000000000	164000000000000	165000000000000	166000000000000	167000000000000	168000000000000	169000000000000	170000000000000	171000000000000	172000000000000	173000000000000	174000000000000	175000000000000	176000000000000	177000000000000	178000000000000	179000000000000	180000000000000	181000000000000	182000000000000	183000000000000	184000000000000	185000000000001	0	0	0	0	0	0	0	0	0	0	0	0	0	0	0	0	0	0	0	0	0	0	0	0	0	0
SAN ARAWA II		11/22/2022	156	52		Dissostichus eleginoides		7218280201	1	2	5461.3	151	173	1	1887.50	10.000	151000000000000	152000000000000	153000000000001	154000000000000	155000000000000	156000000000000	157000000000000	158000000000000	159000000000000	160000000000000	161000000000000	162000000000000	163000000000000	164000000000000	165000000000000	166000000000000	167000000000000	168000000000000	169000000000000	170000000000000	171000000000000	172000000000000	173000000000001	0	0	0	0	0	0	0	0	0	0	0	0	0	0	0	0	0	0	0	0	0	0	0	0	0	0	0	0	0	0	0	0	0	0	0	0	0
SAN ARAWA II		11/23/2022	156	61		Dissostichus eleginoides		7218280201	1	0	5463.4	172	195	1	7040.27	10.000	172000000000000	173000000000000	174000000000000	175000000000001	176000000000000	177000000000001	178000000000000	179000000000000	180000000000000	181000000000000	182000000000000	183000000000000	184000000000000	185000000000000	186000000000000	187000000000000	188000000000000	189000000000000	190000000000000	191000000000000	192000000000000	193000000000000	194000000000000	195000000000001	0	0	0	0	0	0	0	0	0	0	0	0	0	0	0	0	0	0	0	0	0	0	0	0	0	0	0	0	0	0	0	0	0	0	0	0
SAN ARAWA II		11/24/2022	156	64		Dissostichus eleginoides		7218280201	1	2	5463.4	146	160	1	1457.42	10.000	146000000000000	147000000000001	148000000000001	149000000000000	150000000000000	151000000000000	152000000000000	153000000000001	154000000000001	155000000000002	156000000000000	157000000000000	158000000000000	159000000000000	160000000000001	0	0	0	0	0	0	0	0	0	0	0	0	0	0	0	0	0	0	0	0	0	0	0	0	0	0	0	0	0	0	0	0	0	0	0	0	0	0	0	0	0	0	0	0	0
SAN ARAWA II		11/26/2022	156	69		Dissostichus eleginoides		7218280201	1	2	5463.4	145	152	1	642.56	10.000	145000000000000	146000000000000	147000000000001	148000000000001	149000000000000	150000000000000	151000000000000	152000000000001	0	0	0	0	0	0	0	0	0	0	0	0	0	0	0	0	0	0	0	0	0	0	0	0	0	0	0	0	0	0	0	0	0	0	0	0	0	0	0	0	0	0	0	0	0	0	0	0	0	0	0	0
SAN ARAWA II		11/26/2022	156	71		Dissostichus eleginoides		7218280201	1	2	5463.4	148	165	1	2421.26	10.000	148000000000000	149000000000000	150000000000000	151000000000001	152000000000000	153000000000000	154000000000000	155000000000000	156000000000000	157000000000000	158000000000001	159000000000000	160000000000000	161000000000000	162000000000000	163000000000000	164000000000000	165000000000001	0	0	0	0	0	0	0	0	0	0	0	0	0	0	0	0	0	0	0	0	0	0	0	0	0	0	0	0	0	0	0	0	0	0	0	0	0	0	0	0	0	0
SAN ARAWA II		11/27/2022	156	74		Dissostichus eleginoides		7218280201	1	2	5463.4	152	162	1	500.02	10.000	152000000000000	153000000000000	154000000000000	155000000000000	156000000000000	157000000000000	158000000000000	159000000000000	160000000000000	161000000000000	162000000000001	0	0	0	0	0	0	0	0	0	0	0	0	0	0	0	0	0	0	0	0	0	0	0	0	0	0	0	0	0	0	0	0	0	0	0	0	0	0	0	0	0	0	0	0	0	0	0	0	0
SAN ARAWA II		11/27/2022	156	77		Dissostichus eleginoides		7218280201	1	2	5463.4	160	170	1	753.49	10.000	160000000000000	161000000000000	162000000000000	163000000000000	164000000000000	165000000000000	166000000000000	167000000000000	168000000000000	169000000000000	170000000000001	0	0	0	0	0	0	0	0	0	0	0	0	0	0	0	0	0	0	0	0	0	0	0	0	0	0	0	0	0	0	0	0	0	0	0	0	0	0	0	0	0	0	0	0	0	0	0	0	0
SAN ARAWA II		11/27/2022	156	78		Dissostichus eleginoides		7218280201	1	2	5463.4	159	160	1	3440.77	10.000	159000000000000	160000000000001	0	0	0	0	0	0	0	0	0	0	0	0	0	0	0	0	0	0	0	0	0	0	0	0	0	0	0	0	0	0	0	0	0	0	0	0	0	0	0	0	0	0	0	0	0	0	0	0	0	0	0	0	0	0	0	0	0	0
SAN ARAWA II		11/28/2022	156	80		Dissostichus eleginoides		7218280201	1	2	5462.4	158	183	1	4701.16	10.000	158000000000000	159000000000000	160000000000001	161000000000001	162000000000001	163000000000000	164000000000000	165000000000002	166000000000000	167000000000000	168000000000000	169000000000001	170000000000000	171000000000000	172000000000000	173000000000000	174000000000000	175000000000000	176000000000002	177000000000000	178000000000000	179000000000000	180000000000000	181000000000000	182000000000000	183000000000001	0	0	0	0	0	0	0	0	0	0	0	0	0	0	0	0	0	0	0	0	0	0	0	0	0	0	0	0	0	0	0	0	0	0
SAN ARAWA II		11/28/2022	156	81		Dissostichus eleginoides		7218280201	1	2	5462.4	150	159	1	2076.53	10.000	150000000000000	151000000000000	152000000000001	153000000000000	154000000000000	155000000000000	156000000000000	157000000000000	158000000000000	159000000000001	0	0	0	0	0	0	0	0	0	0	0	0	0	0	0	0	0	0	0	0	0	0	0	0	0	0	0	0	0	0	0	0	0	0	0	0	0	0	0	0	0	0	0	0	0	0	0	0	0	0
SAN ARAWA II		12/03/2022	156	93		Dissostichus eleginoides		7218280201	1	2	5463.4	150	152	1	319.90	10.000	150000000000000	151000000000000	152000000000001	0	0	0	0	0	0	0	0	0	0	0	0	0	0	0	0	0	0	0	0	0	0	0	0	0	0	0	0	0	0	0	0	0	0	0	0	0	0	0	0	0	0	0	0	0	0	0	0	0	0	0	0	0	0	0	0	0
SAN ARAWA II		12/06/2022	156	112		Dissostichus eleginoides		7218280201	1	0	5462.3	148	194	1	1030.24	10.000	148000000000000	149000000000000	150000000000001	151000000000001	152000000000000	153000000000000	154000000000000	155000000000000	156000000000000	157000000000000	158000000000000	159000000000000	160000000000000	161000000000000	162000000000000	163000000000000	164000000000000	165000000000000	166000000000000	167000000000000	168000000000000	169000000000000	170000000000000	171000000000000	172000000000000	173000000000000	174000000000000	175000000000000	176000000000000	177000000000000	178000000000000	179000000000000	180000000000000	181000000000000	182000000000000	183000000000000	184000000000000	185000000000000	186000000000000	187000000000000	188000000000000	189000000000000	190000000000000	191000000000000	192000000000000	193000000000000	194000000000001	0	0	0	0	0	0	0	0	0	0	0	0	0
SAN ARAWA II		12/07/2022	156	114		Dissostichus eleginoides		7218280201	1	2	5462.3	153	176	1	241.70	10.000	153000000000000	154000000000000	155000000000000	156000000000000	157000000000000	158000000000000	159000000000000	160000000000000	161000000000000	162000000000000	163000000000000	164000000000000	165000000000000	166000000000000	167000000000000	168000000000000	169000000000000	170000000000000	171000000000000	172000000000000	173000000000000	174000000000000	175000000000000	176000000000001	0	0	0	0	0	0	0	0	0	0	0	0	0	0	0	0	0	0	0	0	0	0	0	0	0	0	0	0	0	0	0	0	0	0	0	0
SAN ARAWA II		12/08/2022	156	120		Dissostichus eleginoides		7218280201	1	2	5463.4	188	200	1	642.13	10.000	188000000000000	189000000000000	190000000000000	191000000000000	192000000000000	193000000000000	194000000000000	195000000000000	196000000000000	197000000000000	198000000000000	199000000000000	200000000000001	0	0	0	0	0	0	0	0	0	0	0	0	0	0	0	0	0	0	0	0	0	0	0	0	0	0	0	0	0	0	0	0	0	0	0	0	0	0	0	0	0	0	0	0	0	0	0
SAN ARAWA II		12/09/2022	156	128		Dissostichus eleginoides		7218280201	1	2	5463.4	143	147	1	2605.69	10.000	143000000000001	144000000000000	145000000000001	146000000000001	147000000000001	0	0	0	0	0	0	0	0	0	0	0	0	0	0	0	0	0	0	0	0	0	0	0	0	0	0	0	0	0	0	0	0	0	0	0	0	0	0	0	0	0	0	0	0	0	0	0	0	0	0	0	0	0	0	0
SAN ARAWA II		12/09/2022	156	130		Dissostichus eleginoides		7218280201	1	2	5463.4	153	157	1	178.96	10.000	153000000000001	154000000000000	155000000000000	156000000000000	157000000000000	0	0	0	0	0	0	0	0	0	0	0	0	0	0	0	0	0	0	0	0	0	0	0	0	0	0	0	0	0	0	0	0	0	0	0	0	0	0	0	0	0	0	0	0	0	0	0	0	0	0	0	0	0	0	0
SAN ARAWA II		12/10/2022	156	131		Dissostichus eleginoides		7218280201	1	2	5463.4	143	175	1	602.39	10.000	143000000000000	144000000000000	145000000000000	146000000000000	147000000000000	148000000000000	149000000000000	150000000000000	151000000000000	152000000000000	153000000000000	154000000000000	155000000000000	156000000000000	157000000000000	158000000000000	159000000000000	160000000000000	161000000000000	162000000000000	163000000000000	164000000000000	165000000000000	166000000000000	167000000000000	168000000000000	169000000000000	170000000000000	171000000000000	172000000000000	173000000000000	174000000000000	175000000000001	0	0	0	0	0	0	0	0	0	0	0	0	0	0	0	0	0	0	0	0	0	0	0	0	0	0	0
SAN ARAWA II		12/10/2022	156	132		Dissostichus eleginoides		7218280201	1	2	5462.3	157	168	1	134.28	10.000	157000000000001	158000000000000	159000000000000	160000000000000	161000000000000	162000000000000	163000000000000	164000000000000	165000000000000	166000000000000	167000000000000	168000000000001	0	0	0	0	0	0	0	0	0	0	0	0	0	0	0	0	0	0	0	0	0	0	0	0	0	0	0	0	0	0	0	0	0	0	0	0	0	0	0	0	0	0	0	0	0	0	0	0
SAN ARAWA II		12/12/2022	156	138		Dissostichus eleginoides		7218280201	1	2	5462.4	155	195	1	830.50	10.000	155000000000000	156000000000000	157000000000000	158000000000000	159000000000000	160000000000001	161000000000000	162000000000000	163000000000000	164000000000000	165000000000001	166000000000000	167000000000000	168000000000000	169000000000000	170000000000000	171000000000000	172000000000000	173000000000000	174000000000000	175000000000000	176000000000000	177000000000000	178000000000000	179000000000000	180000000000000	181000000000000	182000000000000	183000000000000	184000000000000	185000000000000	186000000000000	187000000000000	188000000000000	189000000000000	190000000000000	191000000000000	192000000000000	193000000000000	194000000000000	195000000000001	0	0	0	0	0	0	0	0	0	0	0	0	0	0	0	0	0	0	0
SAN ARAWA II		12/14/2022	156	147		Dissostichus eleginoides		7218280201	1	2	5462.4	152	156	1	682.19	10.000	152000000000002	153000000000000	154000000000000	155000000000000	156000000000001	0	0	0	0	0	0	0	0	0	0	0	0	0	0	0	0	0	0	0	0	0	0	0	0	0	0	0	0	0	0	0	0	0	0	0	0	0	0	0	0	0	0	0	0	0	0	0	0	0	0	0	0	0	0	0
SAN ARAWA II		12/15/2022	156	154		Dissostichus eleginoides		7218280201	1	2	5463.4	155	188	1	2809.53	10.000	155000000000001	156000000000000	157000000000000	158000000000001	159000000000000	160000000000000	161000000000001	162000000000000	163000000000000	164000000000000	165000000000000	166000000000000	167000000000000	168000000000000	169000000000000	170000000000000	171000000000001	172000000000000	173000000000000	174000000000000	175000000000000	176000000000001	177000000000000	178000000000000	179000000000001	180000000000000	181000000000000	182000000000000	183000000000000	184000000000000	185000000000000	186000000000000	187000000000000	188000000000001	0	0	0	0	0	0	0	0	0	0	0	0	0	0	0	0	0	0	0	0	0	0	0	0	0	0
SAN ARAWA II		12/15/2022	156	158		Dissostichus eleginoides		7218280201	1	2	5463.4	151	173	1	1853.08	10.000	151000000000000	152000000000000	153000000000000	154000000000000	155000000000000	156000000000000	157000000000000	158000000000000	159000000000000	160000000000000	161000000000000	162000000000000	163000000000000	164000000000001	165000000000000	166000000000000	167000000000000	168000000000001	169000000000000	170000000000000	171000000000000	172000000000000	173000000000001	0	0	0	0	0	0	0	0	0	0	0	0	0	0	0	0	0	0	0	0	0	0	0	0	0	0	0	0	0	0	0	0	0	0	0	0	0
SAN ARAWA II		12/16/2022	156	161		Dissostichus eleginoides		7218280201	1	2	5463.4	168	187	1	425.73	10.000	168000000000000	169000000000000	170000000000000	171000000000000	172000000000000	173000000000000	174000000000000	175000000000000	176000000000000	177000000000000	178000000000000	179000000000000	180000000000000	181000000000000	182000000000000	183000000000000	184000000000000	185000000000000	186000000000001	187000000000001	0	0	0	0	0	0	0	0	0	0	0	0	0	0	0	0	0	0	0	0	0	0	0	0	0	0	0	0	0	0	0	0	0	0	0	0	0	0	0	0
SAN ARAWA II		12/03/2022	156	96		Dissostichus eleginoides		7218280201	1	2	5462.3	147	171	1	4847.97	10.000	147000000000000	148000000000001	149000000000000	150000000000002	151000000000002	152000000000000	153000000000000	154000000000000	155000000000001	156000000000000	157000000000000	158000000000000	159000000000000	160000000000000	161000000000000	162000000000000	163000000000000	164000000000000	165000000000000	166000000000001	167000000000000	168000000000000	169000000000000	170000000000000	171000000000001	0	0	0	0	0	0	0	0	0	0	0	0	0	0	0	0	0	0	0	0	0	0	0	0	0	0	0	0	0	0	0	0	0	0	0
																																																																												
																																																																												
																																																																												
																																																																												
																																																																												
																																																																												
																																																																												
																																																																												
																																																																												
																																																																												
																																																																												
																																																																												
																																																																												
																																																																												
																																																																												
																																																																												
																																																																												
																																																																												
																																																																												
																																																																												
																																																																												
																																																																												
																																																																												
																																																																												
																																																																												
																																																																												
																																																																												
																																																																												
																																																																												
																																																																												
																																																																												
																																																																												
																																																																												
																																																																												
																																																																												
																																																																												
																																																																												
																																																																												
																																																																												
																																																																												
																																																																												
																																																																												
																																																																												
																																																																												
																																																																												
																																																																												
																																																																												
																																																																												
																																																																												
																																																																												
																																																																												
																																																																												
																																																																												
																																																																												
																																																																												
																																																																												
																																																																												
																																																																												
																																																																												
																																																																												
																																																																												
																																																																												
																																																																												
																																																																												
																																																																												
																																																																												
																																																																												
																																																																												
																																																																												
																																																																												
																																																																												
																																																																												
																																																																												
																																																																												
																																																																												
																																																																												
																																																																												
																																																																												
																																																																												
																																																																												
																																																																												
																																																																												
																																																																												
																																																																												
																																																																												
																																																																												
																																																																												
